0.000000	0.000000
0.019600	0.001414
0.035700	0.002576
0.052900	0.003817
0.070100	0.005058
0.084300	0.006083
0.100600	0.007259
0.120000	0.008659
0.136400	0.009843
0.153600	0.011084
0.170600	0.012310
0.184700	0.013328
0.200800	0.014490
0.217100	0.015666
0.234400	0.016914
0.251600	0.018155
0.268900	0.019404
0.286400	0.020667
0.302700	0.021843
0.318900	0.023012
0.336400	0.024275
0.353700	0.025523
0.367700	0.026533
0.384200	0.027724
0.400300	0.028886
0.417400	0.030120
0.434700	0.031368
0.452000	0.032616
0.469200	0.033857
0.486100	0.035077
0.502800	0.036282
0.520000	0.037523
0.537000	0.038750
0.551100	0.039767
0.567200	0.040929
0.583500	0.042105
0.600900	0.043361
0.618000	0.044595
0.635100	0.045829
0.652200	0.047063
0.668800	0.048261
0.684900	0.049422
0.702400	0.050685
0.719800	0.051941
0.734000	0.052965
0.750300	0.054142
0.769800	0.055549
0.786100	0.056725
0.803500	0.057981
0.820600	0.059215
0.834500	0.060218
0.850800	0.061394
0.867100	0.062570
0.884400	0.063818
0.901600	0.065059
0.918600	0.066286
0.935800	0.067527
0.952200	0.068711
0.968300	0.069873
0.985600	0.071121
1.002900	0.072369
1.017100	0.073394
1.033300	0.074563
1.052800	0.075970
1.068900	0.077132
1.086300	0.078387
1.103400	0.079621
1.117400	0.080632
1.133300	0.081779
1.152900	0.083193
1.170200	0.084442
1.184900	0.085502
1.202200	0.086751
1.219400	0.087992
1.235800	0.089175
1.251800	0.090330
1.269100	0.091578
1.286200	0.092812
1.300400	0.093837
1.316600	0.095006
1.335900	0.096399
1.352200	0.097575
1.369600	0.098830
1.386700	0.100064
1.400700	0.101075
1.416800	0.102236
1.436400	0.103651
1.452600	0.104820
1.470000	0.106075
1.487400	0.107331
1.501700	0.108363
1.518000	0.109539
1.534400	0.110722
1.551700	0.111971
1.569000	0.113219
1.586200	0.114460
1.603400	0.115701
1.619500	0.116863
1.635800	0.118039
1.653200	0.119295
1.670300	0.120529
1.685300	0.121611
1.702200	0.122831
1.719000	0.124043
1.736400	0.125299
1.753400	0.126525
1.767500	0.127543
1.784700	0.128784
1.802000	0.130032
1.819200	0.131273
1.837000	0.132558
1.851300	0.133590
1.867700	0.134773
1.884000	0.135949
1.901300	0.137198
1.918300	0.138425
1.935600	0.139673
1.953300	0.140950
1.969600	0.142126
1.985700	0.143288
2.003000	0.144536
2.020200	0.145778
2.034300	0.146795
2.050600	0.147971
2.070000	0.149371
2.086400	0.150555
2.103600	0.151796
2.120600	0.153023
2.134700	0.154040
2.150800	0.155202
2.167000	0.156371
2.184200	0.157612
2.201300	0.158846
2.218500	0.160087
2.235800	0.161335
2.252300	0.162526
2.268500	0.163695
2.285800	0.164943
2.302900	0.166177
2.317100	0.167202
2.333200	0.168364
2.352600	0.169764
2.368900	0.170940
2.386100	0.172181
2.403200	0.173415
2.417200	0.174425
2.433200	0.175580
2.452800	0.176994
2.468800	0.178149
2.486000	0.179390
2.503200	0.180631
2.517400	0.181656
2.533700	0.182832
2.553000	0.184225
2.569300	0.185401
2.586500	0.186642
2.603500	0.187869
2.617500	0.188879
2.633800	0.190055
2.653400	0.191469
2.669800	0.192653
2.684000	0.193677
2.701500	0.194940
2.719200	0.196217
2.735600	0.197401
2.751900	0.198577
2.769200	0.199825
2.786500	0.201074
2.800800	0.202106
2.817300	0.203296
2.833500	0.204465
2.851000	0.205728
2.868500	0.206991
2.885800	0.208239
2.903200	0.209495
2.919300	0.210657
2.935600	0.211833
2.952800	0.213074
2.969800	0.214301
2.983900	0.215318
3.000000	0.216480
3.019800	0.217909
3.036000	0.219078
3.053500	0.220341
3.070900	0.221596
3.085600	0.222657
3.102200	0.223855
3.118300	0.225017
3.135800	0.226279
3.153200	0.227535
3.167400	0.228560
3.183700	0.229736
3.203400	0.231157
3.220000	0.232355
3.234300	0.233387
3.251700	0.234643
3.269000	0.235891
3.286300	0.237139
3.303500	0.238381
3.317700	0.239405
3.335100	0.240661
3.352400	0.241909
3.368500	0.243071
3.384800	0.244247
3.402100	0.245496
3.419200	0.246730
3.436200	0.247956
3.453500	0.249205
3.469900	0.250388
3.486000	0.251550
3.503200	0.252791
3.520600	0.254047
3.534800	0.255071
3.551100	0.256247
3.567200	0.257409
3.584500	0.258658
3.601900	0.259913
3.619200	0.261162
3.636500	0.262410
3.652600	0.263572
3.668900	0.264748
3.686300	0.266003
3.703400	0.267237
3.717700	0.268269
3.733800	0.269431
3.750200	0.270614
3.767500	0.271863
3.784700	0.273104
3.801800	0.274338
3.818900	0.275572
3.835300	0.276755
3.851600	0.277931
3.868800	0.279173
3.886100	0.280421
3.900300	0.281446
3.916700	0.282629
3.936200	0.284036
3.952500	0.285212
3.969900	0.286468
3.987000	0.287702
4.001100	0.288719
4.017200	0.289881
4.036600	0.291281
4.052600	0.292436
4.070000	0.293691
4.087300	0.294940
4.101500	0.295964
4.117800	0.297140
4.133900	0.298302
4.151200	0.299551
4.168500	0.300799
4.185600	0.302033
4.202900	0.303281
4.219000	0.304443
4.235300	0.305619
4.252700	0.306875
4.269800	0.308109
4.283900	0.309126
4.300000	0.310288
4.319600	0.311702
4.335700	0.312864
4.353000	0.314113
4.370300	0.315361
4.384500	0.316386
4.401000	0.317576
4.417200	0.318745
4.434600	0.320001
4.452100	0.321264
4.469400	0.322512
4.486800	0.323768
4.503200	0.324951
4.519700	0.326142
4.533900	0.327166
4.551000	0.328400
4.568500	0.329663
4.584500	0.330818
4.600900	0.332001
4.618100	0.333242
4.633800	0.334375
4.651500	0.335652
4.669200	0.336930
4.685700	0.338120
4.701700	0.339275
4.719200	0.340538
4.736500	0.341786
4.750700	0.342811
4.767000	0.343987
4.786400	0.345387
4.802800	0.346570
4.820100	0.347818
4.837300	0.349060
4.851300	0.350070
4.867400	0.351232
4.883600	0.352401
4.900900	0.353649
4.918000	0.354883
4.935400	0.356139
4.952800	0.357394
4.969100	0.358570
4.985200	0.359732
5.002500	0.360980
5.019800	0.362229
5.034000	0.363253
5.050200	0.364422
5.069800	0.365837
5.086400	0.367035
5.100600	0.368059
5.117900	0.369308
5.135500	0.370578
5.151700	0.371747
5.168400	0.372952
5.186000	0.374222
5.203200	0.375463
5.219100	0.376610
5.236600	0.377873
5.252900	0.379049
5.269000	0.380211
5.286400	0.381467
5.303700	0.382715
5.317900	0.383740
5.334100	0.384909
5.353500	0.386309
5.369800	0.387485
5.386600	0.388697
5.403000	0.389881
5.419400	0.391064
5.436200	0.392276
5.452500	0.393452
5.468400	0.394600
5.485000	0.395798
5.501600	0.396996
5.518200	0.398193
5.534700	0.399384
5.550700	0.400539
5.569900	0.401924
5.585600	0.403057
5.602000	0.404240
5.618300	0.405417
5.634700	0.406600
5.651500	0.407812
5.667400	0.408960
5.686800	0.410360
5.703000	0.411529
5.719900	0.412748
5.736500	0.413946
5.752900	0.415129
5.770200	0.416378
5.783600	0.417345
5.800900	0.418593
5.818300	0.419849
5.835600	0.421097
5.852900	0.422345
5.869400	0.423536
5.885800	0.424719
5.903200	0.425975
5.920300	0.427209
5.934400	0.428226
5.950500	0.429388
5.967100	0.430586
5.984500	0.431842
6.001600	0.433076
6.018500	0.434295
6.035800	0.435543
6.052200	0.436727
6.068300	0.437889
6.085600	0.439137
6.102900	0.440385
6.117000	0.441403
6.133400	0.442586
6.152900	0.443993
6.169200	0.445170
6.186700	0.446432
6.203800	0.447666
6.217700	0.448669
6.233800	0.449831
6.250200	0.451014
6.267500	0.452263
6.284700	0.453504
6.301600	0.454724
6.318900	0.455972
6.335200	0.457148
6.351300	0.458310
6.368700	0.459565
6.385800	0.460799
6.403000	0.462041
6.420300	0.463289
6.436400	0.464451
6.452800	0.465634
6.470000	0.466875
6.487000	0.468102
6.501100	0.469119
6.517200	0.470281
6.533500	0.471457
6.550800	0.472706
6.568000	0.473947
6.585100	0.475181
6.602500	0.476436
6.618800	0.477613
6.634900	0.478774
6.652100	0.480016
6.669400	0.481264
6.683800	0.482303
6.700100	0.483479
6.719800	0.484901
6.736100	0.486077
6.753500	0.487333
6.770900	0.488588
6.784900	0.489598
6.801000	0.490760
6.817500	0.491951
6.834800	0.493199
6.851900	0.494433
6.869000	0.495667
6.886400	0.496923
6.902700	0.498099
6.918800	0.499261
6.936000	0.500502
6.953400	0.501757
6.967400	0.502768
6.983700	0.503944
7.003300	0.505358
7.019700	0.506542
7.033900	0.507566
7.050900	0.508793
7.068300	0.510049
7.084400	0.511210
7.100700	0.512387
7.118000	0.513635
7.135200	0.514876
7.152300	0.516110
7.169400	0.517344
7.185800	0.518527
7.201900	0.519689
7.219200	0.520938
7.236500	0.522186
7.250600	0.523203
7.267000	0.524387
7.286400	0.525787
7.302800	0.526970
7.320100	0.528218
7.337300	0.529460
7.351300	0.530470
7.367400	0.531632
7.383800	0.532815
7.401000	0.534056
7.418300	0.535305
7.435700	0.536560
7.453000	0.537809
7.469300	0.538985
7.485500	0.540154
7.503100	0.541424
7.521100	0.542723
7.535300	0.543747
7.551600	0.544924
7.567700	0.546085
7.585100	0.547341
7.602400	0.548589
7.616800	0.549628
7.633200	0.550812
7.652900	0.552233
7.669400	0.553424
7.683900	0.554470
7.701200	0.555719
7.718900	0.556996
7.735200	0.558172
7.751600	0.559356
7.769000	0.560611
7.786200	0.561852
7.800300	0.562870
7.816400	0.564031
7.836000	0.565446
7.852100	0.566608
7.869500	0.567863
7.886800	0.569112
7.900900	0.570129
7.917300	0.571312
7.936700	0.572712
7.953000	0.573889
7.967200	0.574913
7.984500	0.576162
8.001600	0.577396
8.017800	0.578565
8.034100	0.579741
8.051400	0.580989
8.068500	0.582223
8.085700	0.583464
8.103000	0.584713
8.119500	0.585903
8.135800	0.587079
8.153200	0.588335
8.170500	0.589583
8.184500	0.590594
8.201100	0.591791
8.217200	0.592953
8.234700	0.594216
8.251800	0.595450
8.269200	0.596706
8.286500	0.597954
8.302600	0.599116
8.318900	0.600292
8.336300	0.601547
8.353400	0.602781
8.367500	0.603799
8.383600	0.604961
8.403200	0.606375
8.419300	0.607537
8.436500	0.608778
8.453900	0.610034
8.468000	0.611051
8.484500	0.612242
8.500900	0.613425
8.519000	0.614731
8.537100	0.616037
8.551500	0.617076
8.567800	0.618253
8.583900	0.619414
8.601200	0.620663
8.618500	0.621911
8.635800	0.623159
8.653200	0.624415
8.669500	0.625591
8.685800	0.626767
8.703200	0.628023
8.720600	0.629279
8.734700	0.630296
8.750900	0.631465
8.767400	0.632656
8.784700	0.633904
8.801700	0.635131
8.818700	0.636357
8.836100	0.637613
8.852400	0.638789
8.868500	0.639951
8.885900	0.641207
8.903200	0.642455
8.917400	0.643480
8.933700	0.644656
8.953100	0.646056
8.969400	0.647232
8.986800	0.648488
9.003900	0.649722
9.017900	0.650732
9.034100	0.651901
9.050400	0.653077
9.067800	0.654333
9.084900	0.655566
9.102100	0.656808
9.119400	0.658056
9.135700	0.659232
9.151800	0.660394
9.169200	0.661650
9.186500	0.662898
9.200700	0.663923
9.217000	0.665099
9.236400	0.666499
9.252800	0.667682
9.270000	0.668923
9.287300	0.670172
9.301300	0.671182
9.317400	0.672344
9.333800	0.673527
9.351000	0.674768
9.368100	0.676002
9.385100	0.677229
9.402500	0.678484
9.418800	0.679661
9.434900	0.680822
9.452200	0.682071
9.469600	0.683326
9.483800	0.684351
9.500200	0.685535
9.519600	0.686934
9.536000	0.688118
9.553300	0.689366
9.570500	0.690607
9.584400	0.691610
9.600500	0.692772
9.616800	0.693948
9.634300	0.695211
9.651300	0.696438
9.668700	0.697693
9.686100	0.698949
9.702600	0.700140
9.718800	0.701309
9.736300	0.702571
9.753400	0.703805
9.767600	0.704830
9.783900	0.706006
9.803400	0.707413
9.819700	0.708590
9.836400	0.709795
9.851900	0.710913
9.868700	0.712125
9.885800	0.713359
9.900500	0.714420
9.917900	0.715676
9.935200	0.716924
9.951400	0.718093
9.967900	0.719284
9.985200	0.720532
10.002600	0.721788
10.019700	0.723022
10.036900	0.724263
10.050200	0.725223
10.067400	0.726464
10.084700	0.727712
10.101800	0.728946
10.119200	0.730202
10.135500	0.731378
10.151600	0.732540
10.169000	0.733795
10.186200	0.735036
10.200400	0.736061
10.216700	0.737237
10.236200	0.738644
10.252500	0.739820
10.269900	0.741076
10.287000	0.742310
10.301100	0.743327
10.317200	0.744489
10.333500	0.745665
10.350800	0.746914
10.368300	0.748177
10.385400	0.749411
10.402800	0.750666
10.419100	0.751842
10.435200	0.753004
10.452700	0.754267
10.470100	0.755523
10.484300	0.756547
10.500800	0.757738
10.517000	0.758907
10.534300	0.760155
10.551800	0.761418
10.569200	0.762674
10.586600	0.763929
10.603000	0.765113
10.619000	0.766267
10.635700	0.767472
10.652200	0.768663
10.668800	0.769861
10.685400	0.771059
10.701300	0.772206
10.717100	0.773346
10.733700	0.774544
10.753200	0.775951
10.769600	0.777134
10.785800	0.778303
10.802400	0.779501
10.818200	0.780641
10.834000	0.781782
10.850400	0.782965
10.870000	0.784379
10.886200	0.785548
10.902400	0.786717
10.919000	0.787915
10.935000	0.789070
10.950600	0.790195
10.967100	0.791386
10.986500	0.792786
11.002800	0.793962
11.019100	0.795138
11.035700	0.796336
11.051400	0.797469
11.067100	0.798602
11.083700	0.799800
11.103100	0.801200
11.119400	0.802376
11.135800	0.803559
11.152300	0.804750
11.168000	0.805883
11.183700	0.807016
11.200200	0.808207
11.219800	0.809621
11.236000	0.810790
11.252300	0.811966
11.268800	0.813157
11.284600	0.814297
11.300400	0.815437
11.316800	0.816620
11.336400	0.818035
11.352800	0.819218
11.369000	0.820387
11.385400	0.821571
11.401400	0.822725
11.417100	0.823858
11.433500	0.825041
11.452900	0.826441
11.469200	0.827618
11.485600	0.828801
11.502100	0.829992
11.517800	0.831125
11.536700	0.832488
11.552600	0.833636
11.569100	0.834826
11.585400	0.836003
11.601700	0.837179
11.618300	0.838377
11.633900	0.839502
11.653000	0.840881
11.668800	0.842021
11.685400	0.843219
11.701700	0.844395
11.718300	0.845593
11.734900	0.846790
11.750700	0.847931
11.769700	0.849302
11.785400	0.850435
11.801900	0.851625
11.818300	0.852809
11.834500	0.853978
11.851100	0.855175
11.867000	0.856323
11.886000	0.857694
11.901800	0.858834
11.918300	0.860025
11.934700	0.861208
11.950900	0.862377
11.967500	0.863575
11.983200	0.864708
12.002300	0.866086
12.018000	0.867219
12.034500	0.868410
12.050900	0.869593
12.067200	0.870769
12.083600	0.871953
12.099600	0.873107
12.118500	0.874471
12.134400	0.875618
12.150800	0.876802
12.170200	0.878202
12.186600	0.879385
12.203100	0.880576
12.219600	0.881766
12.235200	0.882892
12.251100	0.884039
12.267500	0.885223
12.286900	0.886623
12.303400	0.887813
12.319800	0.888997
12.336400	0.890195
12.352100	0.891328
12.367900	0.892468
12.384400	0.893658
12.400700	0.894835
12.417000	0.896011
12.433500	0.897201
12.449300	0.898342
12.468200	0.899705
12.484200	0.900860
12.500600	0.902043
12.520100	0.903451
12.536500	0.904634
12.552900	0.905817
12.569400	0.907008
12.585200	0.908148
12.601100	0.909295
12.617400	0.910472
12.636900	0.911879
12.653300	0.913062
12.667000	0.914051
12.682800	0.915191
12.702200	0.916591
12.718000	0.917731
12.734900	0.918951
12.751300	0.920134
12.767600	0.921310
12.784100	0.922501
12.799900	0.923641
12.818700	0.924998
12.834700	0.926152
12.851200	0.927343
12.867500	0.928519
12.883800	0.929695
12.900300	0.930886
12.916200	0.932033
12.935100	0.933397
12.951000	0.934544
12.967400	0.935728
12.986900	0.937135
13.003300	0.938318
13.019800	0.939509
13.036400	0.940707
13.052000	0.941832
13.067700	0.942965
13.084300	0.944163
13.100600	0.945339
13.116800	0.946508
13.136400	0.947923
13.152800	0.949106
13.168500	0.950239
13.184400	0.951386
13.200900	0.952577
13.217200	0.953753
13.233500	0.954929
13.253000	0.956337
13.269400	0.957520
13.285200	0.958660
13.301100	0.959807
13.317500	0.960991
13.336900	0.962391
13.353400	0.963581
13.369900	0.964772
13.386200	0.965948
13.402000	0.967088
13.417700	0.968221
13.434300	0.969419
13.450700	0.970603
13.466900	0.971772
13.486400	0.973179
13.503000	0.974377
13.518700	0.975510
13.534700	0.976664
13.551100	0.977847
13.567300	0.979016
13.583700	0.980200
13.603100	0.981600
13.619700	0.982798
13.635600	0.983945
13.651300	0.985078
13.667900	0.986276
13.684100	0.987445
13.700600	0.988635
13.717200	0.989833
13.733200	0.990988
13.752300	0.992366
13.768300	0.993521
13.784700	0.994704
13.801100	0.995888
13.817300	0.997056
13.833900	0.998254
13.849600	0.999387
13.868700	1.000766
13.886100	1.002021
13.900600	1.003067
13.918100	1.004330
13.935500	1.005586
13.952000	1.006776
13.968400	1.007960
13.986000	1.009230
14.003400	1.010485
14.017500	1.011503
14.033700	1.012672
14.050200	1.013863
14.067800	1.015133
14.084900	1.016367
14.102200	1.017615
14.119600	1.018870
14.136000	1.020054
14.152100	1.021216
14.169400	1.022464
14.186800	1.023720
14.201600	1.024788
14.217500	1.025935
14.236500	1.027306
14.253200	1.028511
14.268100	1.029586
14.285300	1.030827
14.302600	1.032076
14.318800	1.033245
14.335200	1.034428
14.352500	1.035677
14.369800	1.036925
14.383900	1.037942
14.400000	1.039104
14.419800	1.040533
14.436000	1.041702
14.453300	1.042950
14.470600	1.044199
14.484800	1.045223
14.501100	1.046400
14.517200	1.047561
14.534700	1.048824
14.552100	1.050080
14.569300	1.051321
14.586600	1.052569
14.602900	1.053745
14.619300	1.054929
14.636600	1.056177
14.653800	1.057418
14.668000	1.058443
14.684400	1.059626
14.700900	1.060817
14.718400	1.062080
14.735700	1.063328
14.753100	1.064584
14.770300	1.065825
14.783500	1.066777
14.800900	1.068033
14.818000	1.069267
14.835200	1.070508
14.852500	1.071757
14.868800	1.072933
14.885000	1.074102
14.902400	1.075357
14.919700	1.076606
14.933800	1.077623
14.950200	1.078807
14.969800	1.080221
14.986200	1.081404
15.003500	1.082653
15.020600	1.083887
15.034800	1.084911
15.051000	1.086080
15.067400	1.087264
15.084700	1.088512
15.101900	1.089753
15.119000	1.090987
15.136400	1.092243
15.152700	1.093419
15.168800	1.094581
15.186100	1.095829
15.203400	1.097077
15.217600	1.098102
15.234000	1.099286
15.253500	1.100693
15.269800	1.101869
15.284100	1.102901
15.301400	1.104149
15.318800	1.105405
15.334900	1.106567
15.351200	1.107743
15.368600	1.108998
15.385700	1.110232
15.402800	1.111466
15.420200	1.112722
15.436500	1.113898
15.452600	1.115060
15.469900	1.116308
15.487300	1.117564
15.501500	1.118588
15.517800	1.119765
15.534200	1.120948
15.551500	1.122196
15.568800	1.123445
15.586100	1.124693
15.603400	1.125941
15.619500	1.127103
15.635800	1.128279
15.653200	1.129535
15.670600	1.130791
15.684700	1.131808
15.701000	1.132984
15.717400	1.134168
15.734900	1.135431
15.752400	1.136693
15.769500	1.137927
15.786900	1.139183
15.803200	1.140359
15.819300	1.141521
15.836600	1.142769
15.853900	1.144018
15.868100	1.145042
15.884500	1.146226
15.900600	1.147387
15.917900	1.148636
15.935300	1.149891
15.952500	1.151133
15.970000	1.152395
15.986200	1.153564
16.002500	1.154741
16.019900	1.155996
16.037300	1.157252
16.051300	1.158262
16.067600	1.159438
16.084000	1.160622
16.101400	1.161877
16.118500	1.163111
16.135700	1.164352
16.153000	1.165601
16.169400	1.166784
16.185700	1.167960
16.203200	1.169223
16.220600	1.170479
16.234800	1.171503
16.251100	1.172680
16.267200	1.173841
16.284800	1.175111
16.302100	1.176360
16.319400	1.177608
16.336800	1.178864
16.353000	1.180033
16.369400	1.181216
16.383900	1.182262
16.401200	1.183511
16.418500	1.184759
16.434600	1.185921
16.450900	1.187097
16.468300	1.188353
16.485500	1.189594
16.502800	1.190842
16.520200	1.192098
16.536500	1.193274
16.552600	1.194436
16.570000	1.195691
16.587500	1.196954
16.602100	1.198008
16.618700	1.199206
16.634900	1.200375
16.652500	1.201645
16.670100	1.202915
16.684300	1.203939
16.700600	1.205115
16.717100	1.206306
16.734600	1.207569
16.752100	1.208832
16.769700	1.210102
16.787000	1.211350
16.803100	1.212512
16.819400	1.213688
16.836900	1.214951
16.854200	1.216199
16.868300	1.217217
16.884400	1.218378
16.900700	1.219555
16.918200	1.220817
16.935500	1.222066
16.952600	1.223300
16.970000	1.224555
16.986300	1.225732
17.002600	1.226908
17.020200	1.228178
17.037500	1.229426
17.051700	1.230451
17.068300	1.231649
17.084400	1.232810
17.101700	1.234059
17.119000	1.235307
17.133500	1.236354
17.149900	1.237537
17.169700	1.238966
17.186100	1.240149
17.203500	1.241405
17.220600	1.242639
17.234800	1.243663
17.251000	1.244832
17.267700	1.246037
17.284300	1.247235
17.300700	1.248419
17.316900	1.249588
17.336400	1.250995
17.353000	1.252193
17.369300	1.253369
17.386400	1.254603
17.400700	1.255635
17.418200	1.256897
17.435700	1.258160
17.452900	1.259401
17.469700	1.260614
17.484100	1.261653
17.501700	1.262923
17.519300	1.264193
17.535400	1.265355
17.552000	1.266552
17.569500	1.267815
17.586700	1.269056
17.601100	1.270096
17.617200	1.271257
17.633800	1.272455
17.651100	1.273704
17.668700	1.274974
17.685900	1.276215
17.703500	1.277485
17.716700	1.278437
17.734300	1.279707
17.751800	1.280970
17.769000	1.282211
17.786400	1.283467
17.802700	1.284643
17.818800	1.285805
17.836100	1.287053
17.853400	1.288302
17.867600	1.289326
17.883900	1.290502
17.900300	1.291686
17.917600	1.292934
17.934900	1.294183
17.952200	1.295431
17.969600	1.296687
17.985700	1.297848
18.002000	1.299024
18.019300	1.300273
18.036500	1.301514
18.050600	1.302531
18.066900	1.303708
18.086500	1.305122
18.102600	1.306284
18.120000	1.307539
18.137300	1.308788
18.151500	1.309812
18.167800	1.310989
18.183900	1.312150
18.201200	1.313399
18.218500	1.314647
18.235800	1.315895
18.253200	1.317151
18.269300	1.318313
18.285600	1.319489
18.302900	1.320737
18.320100	1.321979
18.334200	1.322996
18.350300	1.324158
18.369900	1.325572
18.386000	1.326734
18.403300	1.327982
18.420600	1.329231
18.434800	1.330255
18.451100	1.331432
18.467400	1.332608
18.484800	1.333863
18.502100	1.335112
18.519400	1.336360
18.536700	1.337608
18.552900	1.338777
18.569200	1.339954
18.586500	1.341202
18.603700	1.342443
18.617700	1.343453
18.633800	1.344615
18.650300	1.345806
18.667600	1.347054
18.684700	1.348288
18.702000	1.349536
18.719400	1.350792
18.736400	1.352019
18.753700	1.353267
18.767700	1.354277
18.785100	1.355533
18.802800	1.356810
18.819300	1.358001
18.835700	1.359184
18.853400	1.360462
18.870900	1.361724
18.885100	1.362749
18.901400	1.363925
18.917700	1.365101
18.935200	1.366364
18.952500	1.367613
18.966800	1.368644
18.983100	1.369821
19.002800	1.371242
19.019200	1.372426
19.036500	1.373674
19.053900	1.374930
19.068000	1.375947
19.084300	1.377123
19.100700	1.378307
19.118000	1.379555
19.135200	1.380796
19.152600	1.382052
19.170000	1.383307
19.186400	1.384491
19.202600	1.385660
19.220000	1.386915
19.237300	1.388164
19.251500	1.389188
19.267800	1.390365
19.284100	1.391541
19.301500	1.392796
19.318800	1.394045
19.336100	1.395293
19.353600	1.396556
19.369800	1.397725
19.386100	1.398901
19.403600	1.400164
19.420900	1.401412
19.434900	1.402423
19.451000	1.403584
19.467600	1.404782
19.485000	1.406038
19.502100	1.407272
19.519300	1.408513
19.536900	1.409783
19.553200	1.410959
19.569900	1.412164
19.584700	1.413232
19.601800	1.414466
19.619200	1.415722
19.635500	1.416898
19.651900	1.418081
19.669400	1.419344
19.686800	1.420600
19.701300	1.421646
19.718000	1.422851
19.734400	1.424034
19.752000	1.425305
19.769400	1.426560
19.783800	1.427599
19.800100	1.428775
19.819500	1.430175
19.836000	1.431366
19.853500	1.432629
19.870600	1.433863
19.884700	1.434880
19.900800	1.436042
19.917300	1.437233
19.934700	1.438488
19.951800	1.439722
19.969000	1.440963
19.986400	1.442219
20.002800	1.443402
20.019000	1.444571
20.036600	1.445841
20.053900	1.447090
20.068100	1.448114
20.084600	1.449305
20.101100	1.450496
20.118700	1.451766
20.136000	1.453014
20.150400	1.454053
20.166700	1.455229
20.186200	1.456636
20.202800	1.457834
20.217200	1.458873
20.235100	1.460165
20.251900	1.461377
20.267700	1.462517
20.283600	1.463665
20.300200	1.464863
20.319600	1.466263
20.336100	1.467453
20.352500	1.468637
20.368900	1.469820
20.384600	1.470953
20.400600	1.472107
20.417000	1.473291
20.436500	1.474698
20.452900	1.475881
20.469300	1.477065
20.485800	1.478256
20.501600	1.479396
20.517500	1.480543
20.533900	1.481726
20.553500	1.483141
20.569800	1.484317
20.586400	1.485515
20.602800	1.486698
20.618500	1.487831
20.634400	1.488978
20.650800	1.490162
20.667400	1.491360
20.683700	1.492536
20.703100	1.493936
20.719800	1.495141
20.735700	1.496288
20.751600	1.497436
20.768200	1.498634
20.784500	1.499810
20.800900	1.500993
20.817500	1.502191
20.833200	1.503324
20.852300	1.504702
20.868100	1.505842
20.884600	1.507033
20.900900	1.508209
20.917300	1.509393
20.933900	1.510590
20.949600	1.511723
20.968700	1.513102
20.984400	1.514234
21.001000	1.515432
21.017300	1.516609
21.033700	1.517792
21.050300	1.518990
21.066000	1.520123
21.085100	1.521501
21.100800	1.522634
21.117400	1.523832
21.136900	1.525239
21.153300	1.526422
21.169700	1.527606
21.172392	1.527800
21.191992	1.529000
21.208092	1.530500
21.225292	1.531900
21.242492	1.532500
21.256692	1.532900
21.272992	1.533300
21.292392	1.534100
21.308792	1.535000
21.325992	1.536600
21.342992	1.537300
21.357092	1.537700
21.373192	1.538200
21.389492	1.538800
21.406792	1.539600
21.423992	1.540600
21.441292	1.541300
21.458792	1.541900
21.475092	1.542200
21.491292	1.542600
21.508792	1.542900
21.526092	1.543300
21.540092	1.543700
21.556592	1.544300
21.572692	1.544900
21.589792	1.545700
21.607092	1.546200
21.624392	1.546700
21.641592	1.547300
21.658492	1.547400
21.675192	1.547700
21.692392	1.547900
21.709392	1.548200
21.723492	1.548700
21.739592	1.549300
21.755892	1.549900
21.773292	1.550300
21.790392	1.550700
21.807492	1.551300
21.824592	1.551800
21.841192	1.552200
21.857292	1.552500
21.874792	1.553100
21.892192	1.554000
21.906392	1.554800
21.922692	1.555500
21.942192	1.556200
21.958492	1.556700
21.975892	1.557000
21.992992	1.557300
22.006892	1.557600
22.023192	1.557800
22.039492	1.558500
22.056792	1.558800
22.073992	1.559400
22.090992	1.560200
22.108192	1.560700
22.124592	1.561200
22.140692	1.562100
22.157992	1.562200
22.175292	1.562700
22.189492	1.563100
22.205692	1.563500
22.225192	1.564500
22.241292	1.565000
22.258692	1.565500
22.275792	1.566100
22.289792	1.566300
22.305692	1.566600
22.325292	1.566900
22.342592	1.567000
22.357292	1.567200
22.374592	1.567600
22.391792	1.568300
22.408192	1.568600
22.424192	1.569300
22.441492	1.569900
22.458592	1.570500
22.472792	1.570900
22.488992	1.571200
22.508292	1.571500
22.524592	1.571600
22.541992	1.571800
22.559092	1.572000
22.573092	1.572200
22.589192	1.572500
22.608792	1.572800
22.624992	1.573100
22.642392	1.573500
22.659792	1.573900
22.674092	1.574400
22.690392	1.574900
22.706792	1.575400
22.724092	1.575800
22.741392	1.576100
22.758592	1.576200
22.775792	1.576400
22.791892	1.576600
22.808192	1.576800
22.825592	1.577000
22.842692	1.577200
22.857692	1.577300
22.874592	1.577600
22.891392	1.577900
22.908792	1.578300
22.925792	1.578500
22.939892	1.578900
22.957092	1.579300
22.974392	1.579700
22.991592	1.580000
23.009392	1.580500
23.023692	1.580500
23.040092	1.580800
23.056392	1.580900
23.073692	1.581000
23.090692	1.581300
23.107992	1.581500
23.125692	1.581500
23.141992	1.581500
23.158092	1.581700
23.175392	1.581800
23.192592	1.581900
23.206692	1.581900
23.222992	1.582000
23.242392	1.582200
23.258792	1.582300
23.275992	1.582500
23.292992	1.582800
23.307092	1.583000
23.323192	1.583200
23.339392	1.583400
23.356592	1.583900
23.373692	1.584100
23.390892	1.584300
23.408192	1.584600
23.424692	1.584900
23.440892	1.585000
23.458192	1.585200
23.475292	1.585500
23.489492	1.585700
23.505592	1.585900
23.524992	1.586000
23.541292	1.586100
23.558492	1.586300
23.575592	1.586400
23.589592	1.586400
23.605592	1.586500
23.625192	1.586600
23.641192	1.586900
23.658392	1.587100
23.675592	1.587500
23.689792	1.587700
23.706092	1.588000
23.725392	1.588400
23.741692	1.588700
23.758892	1.589100
23.775892	1.589400
23.789892	1.589500
23.806192	1.589700
23.825792	1.590000
23.842192	1.590200
23.856392	1.590300
23.873892	1.590600
23.891592	1.590800
23.907992	1.590800
23.924292	1.590900
23.941592	1.591000
23.958892	1.591200
23.973192	1.591200
23.989692	1.591200
24.005892	1.591300
24.023392	1.591400
24.040892	1.591400
24.058192	1.591600
24.075592	1.591600
24.091692	1.591800
24.107992	1.592000
24.125192	1.592000
24.142192	1.592000
24.156292	1.592200
24.172392	1.592400
24.192192	1.592600
24.208392	1.592800
24.225892	1.593000
24.243292	1.593200
24.257992	1.593300
24.274592	1.593700
24.290692	1.594000
24.308192	1.594100
24.325592	1.594100
24.339792	1.594600
24.356092	1.594700
24.375792	1.594900
24.392392	1.595000
24.406692	1.595100
24.424092	1.595300
24.441392	1.595500
24.458692	1.595500
24.475892	1.595800
24.490092	1.595900
24.507492	1.595900
24.524792	1.595900
24.540892	1.596000
24.557192	1.596000
24.574492	1.596200
24.591592	1.596200
24.608592	1.596300
24.625892	1.596400
24.642292	1.596600
24.658392	1.596600
24.675592	1.596700
24.692992	1.596700
24.707192	1.596800
24.723492	1.597000
24.739592	1.597100
24.756892	1.597200
24.774292	1.597300
24.791592	1.597500
24.808892	1.597700
24.824992	1.597800
24.841292	1.598100
24.858692	1.598000
24.875792	1.598300
24.890092	1.598500
24.906192	1.598600
24.922592	1.599000
24.939892	1.599100
24.957092	1.599300
24.974192	1.599500
24.991292	1.599800
25.007692	1.599800
25.023992	1.599900
25.041192	1.600000
25.058492	1.600000
25.072692	1.600100
25.089092	1.600300
25.108592	1.600400
25.124892	1.600400
25.142292	1.600700
25.159392	1.600700
25.173492	1.600900
25.189592	1.600900
25.208992	1.601100
25.224992	1.601300
25.242392	1.601300
25.259692	1.601500
25.273892	1.601600
25.290192	1.601900
25.306292	1.602200
25.323592	1.602700
25.340892	1.602600
25.357992	1.603200
25.375292	1.603600
25.391392	1.603900
25.407692	1.604100
25.425092	1.604400
25.442192	1.604800
25.456292	1.604900
25.472392	1.605000
25.491992	1.605300
25.508092	1.605400
25.525392	1.605500
25.542692	1.605700
25.556892	1.605800
25.573392	1.605800
25.589592	1.605900
25.606992	1.606000
25.624492	1.606100
25.641792	1.606200
25.659192	1.606300
25.675592	1.606300
25.692092	1.606500
25.706292	1.606400
25.723392	1.606700
25.740892	1.607000
25.756892	1.606900
25.773292	1.607100
25.790492	1.607300
25.806192	1.607400
25.823892	1.607600
25.841592	1.607800
25.858092	1.607900
25.874092	1.608200
25.891592	1.608300
25.908892	1.608400
25.923092	1.608800
25.939392	1.608900
25.958792	1.609100
25.975192	1.609200
25.992492	1.609500
26.009692	1.609600
26.023692	1.609700
26.039792	1.609800
26.055992	1.609900
26.073292	1.610100
26.090392	1.610300
26.107792	1.610300
26.125192	1.610500
26.141492	1.610500
26.157592	1.610600
26.174892	1.610600
26.192192	1.610700
26.206392	1.610800
26.222592	1.610900
26.242192	1.610900
26.258792	1.611000
26.272992	1.610900
26.290292	1.611000
26.307892	1.611100
26.324092	1.611200
26.340792	1.611200
26.358392	1.611200
26.375592	1.611300
26.391492	1.611500
26.408992	1.611500
26.425292	1.611600
26.441392	1.611700
26.458792	1.611800
26.476092	1.611900
26.490292	1.612000
26.506492	1.612100
26.525892	1.612300
26.542192	1.612400
26.558992	1.612500
26.575392	1.612600
26.591792	1.612800
26.608592	1.613100
26.624892	1.613000
26.640792	1.613200
26.657392	1.613300
26.673992	1.613600
26.690592	1.613600
26.707092	1.613700
26.723092	1.613800
26.742292	1.614000
26.757992	1.614000
26.774392	1.614200
26.790692	1.614300
26.807092	1.614400
26.823892	1.614500
26.839792	1.614600
26.859192	1.614700
26.875392	1.614800
26.892292	1.614900
26.908892	1.615100
26.925292	1.615200
26.942592	1.615300
26.955992	1.615300
26.973292	1.615300
26.990692	1.615400
27.007992	1.615500
27.025292	1.615500
27.041792	1.615500
27.058192	1.615500
27.075592	1.615500
27.092692	1.615600
27.106792	1.615700
27.122892	1.615600
27.139492	1.615800
27.156892	1.615800
27.173992	1.615800
27.190892	1.615900
27.208192	1.616000
27.224592	1.615900
27.240692	1.615900
27.257992	1.615900
27.275292	1.616000
27.289392	1.616200
27.305792	1.616100
27.325292	1.616200
27.341592	1.616100
27.359092	1.616200
27.376192	1.616200
27.390092	1.616200
27.406192	1.616300
27.422592	1.616300
27.439892	1.616400
27.457092	1.616600
27.473992	1.616500
27.491292	1.616600
27.507592	1.616700
27.523692	1.616800
27.541092	1.616900
27.558192	1.616900
27.575392	1.617000
27.592692	1.617000
27.608792	1.617100
27.625192	1.617000
27.642392	1.617200
27.659392	1.617200
27.673492	1.617300
27.689592	1.617400
27.705892	1.617700
27.723192	1.617700
27.740392	1.617800
27.757492	1.618000
27.774892	1.618100
27.791192	1.618200
27.807292	1.618300
27.824492	1.618400
27.841792	1.618400
27.856192	1.618600
27.872492	1.618700
27.892192	1.618700
27.908492	1.618900
27.925892	1.618900
27.943292	1.618900
27.957292	1.619200
27.973392	1.619300
27.989892	1.619300
28.007192	1.619500
28.024292	1.619500
28.041392	1.619600
28.058792	1.619700
28.075092	1.619700
28.091192	1.619800
28.108392	1.619900
28.125792	1.619900
28.139792	1.620000
28.156092	1.620100
28.175692	1.620200
28.192092	1.620200
28.206292	1.620300
28.223292	1.620300
28.240692	1.620400
28.256792	1.620400
28.273092	1.620500
28.290392	1.620500
28.307592	1.620500
28.324692	1.620600
28.341792	1.620700
28.358192	1.620700
28.374292	1.620800
28.391592	1.620800
28.408892	1.620900
28.422992	1.621000
28.439392	1.620900
28.458792	1.621000
28.475192	1.621100
28.492492	1.621100
28.509692	1.621300
28.523692	1.621200
28.539792	1.621300
28.556192	1.621300
28.573392	1.621400
28.590692	1.621500
28.608092	1.621600
28.625392	1.621600
28.641692	1.621600
28.657892	1.621700
28.675492	1.621800
28.693492	1.621900
28.707692	1.622000
28.723992	1.622200
28.740092	1.622200
28.757492	1.622400
28.774792	1.622600
28.789192	1.622600
28.805592	1.622800
28.825292	1.622900
28.841792	1.623100
28.856292	1.623100
28.873592	1.623300
28.891292	1.623400
28.907592	1.623500
28.923992	1.623800
28.941392	1.623800
28.958592	1.624100
28.972692	1.624600
28.988792	1.624400
29.008392	1.624500
29.024492	1.625000
29.041892	1.625100
29.059192	1.625200
29.073292	1.625300
29.089692	1.625400
29.109092	1.625400
29.125392	1.625500
29.139592	1.625700
29.156892	1.625700
29.173992	1.625800
29.190192	1.625900
29.206492	1.625900
29.223792	1.626100
29.240892	1.626200
29.258092	1.626300
29.275392	1.626400
29.291892	1.626500
29.308192	1.626600
29.325592	1.627000
29.342892	1.626900
29.356892	1.627200
29.373492	1.627300
29.389592	1.627500
29.407092	1.627600
29.424192	1.627900
29.441592	1.628000
29.458892	1.628100
29.474992	1.628200
29.491292	1.628400
29.508692	1.628500
29.525792	1.628600
29.539892	1.628900
29.555992	1.629000
29.575592	1.629100
29.591692	1.629300
29.608892	1.629400
29.626292	1.629600
29.640392	1.629600
29.656892	1.629700
29.673292	1.629800
29.691392	1.629900
29.709492	1.630000
29.723892	1.630000
29.740192	1.630100
29.756292	1.630200
29.773592	1.630300
29.790892	1.630300
29.808192	1.630400
29.825592	1.630400
29.841892	1.630500
29.858192	1.630600
29.875592	1.630500
29.892992	1.630700
29.907092	1.630700
29.923292	1.630800
29.939792	1.630700
29.957092	1.630900
29.974092	1.631100
29.991092	1.631100
30.008492	1.631100
30.024792	1.631100
30.040892	1.631400
30.058292	1.631300
30.075592	1.631600
30.089792	1.631600
30.106092	1.631700
30.125492	1.631800
30.141792	1.631800
30.159192	1.632000
30.176292	1.632200
30.190292	1.632200
30.206492	1.632400
30.222792	1.632500
30.240192	1.632600
30.257292	1.632800
30.274492	1.633100
30.291792	1.633000
30.308092	1.633100
30.324192	1.633100
30.341592	1.633400
30.358892	1.633500
30.373092	1.633700
30.389392	1.633700
30.408792	1.633800
30.425192	1.634000
30.442392	1.634100
30.459692	1.634200
30.473692	1.634200
30.489792	1.634400
30.506192	1.634500
30.523392	1.634600
30.540492	1.634700
30.557492	1.634800
30.574892	1.634800
30.591192	1.634900
30.607292	1.635000
30.624592	1.634900
30.641992	1.635100
30.656192	1.635100
30.672592	1.635200
30.691992	1.635300
30.708392	1.635300
30.725692	1.635400
30.742892	1.635500
30.756792	1.635500
30.772892	1.635600
30.789192	1.635600
30.806692	1.635700
30.823692	1.635800
30.841092	1.635900
30.858492	1.635900
30.874992	1.636000
30.891192	1.636200
30.908692	1.636100
30.925792	1.636500
30.939992	1.636400
30.956292	1.636600
30.975792	1.636700
30.992092	1.636800
31.008792	1.636800
31.024292	1.637000
31.041092	1.637100
31.058192	1.637200
31.072892	1.637400
31.090292	1.637500
31.107592	1.637700
31.123792	1.637800
31.140292	1.637800
31.157592	1.638100
31.174992	1.638200
31.192092	1.638300
31.209292	1.638300
31.222592	1.638500
31.239792	1.638600
31.257092	1.638600
31.274192	1.638900
31.291592	1.638900
31.307892	1.639100
31.323992	1.639200
31.341392	1.639300
31.358592	1.639400
31.372792	1.639400
31.389092	1.639600
31.408592	1.639600
31.424892	1.639800
31.442292	1.639800
31.459392	1.639800
31.473492	1.639900
31.489592	1.639900
31.505892	1.640100
31.523192	1.640100
31.540692	1.640200
31.557792	1.640200
31.575192	1.640200
31.591492	1.640300
31.607592	1.640300
31.625092	1.640300
31.642492	1.640400
31.656692	1.640500
31.673192	1.640600
31.689392	1.640600
31.706692	1.640700
31.724192	1.640700
31.741592	1.640700
31.758992	1.640800
31.775392	1.640900
31.791392	1.640900
31.808092	1.641100
31.824592	1.641100
31.841192	1.641300
31.857792	1.641300
31.873692	1.641300
31.889492	1.641400
31.906092	1.641600
31.925592	1.641600
31.941992	1.641800
31.958192	1.641800
31.974792	1.642100
31.990592	1.642100
32.006392	1.642200
32.022792	1.642400
32.042392	1.642600
32.058592	1.642600
32.074792	1.642800
32.091392	1.642800
32.107392	1.642900
32.122992	1.643000
32.139492	1.643200
32.158892	1.643200
32.175192	1.643300
32.191492	1.643600
32.208092	1.643700
32.223792	1.643700
32.239492	1.644000
32.256092	1.644000
32.275492	1.644100
32.291792	1.644100
32.308192	1.644200
32.324692	1.644400
32.340392	1.644300
32.356092	1.644400
32.372592	1.644500
32.392192	1.644500
32.408392	1.644600
32.424692	1.644600
32.441192	1.644600
32.456992	1.644800
32.472792	1.644800
32.489192	1.644900
32.508792	1.645000
32.525192	1.644900
32.541392	1.645100
32.557792	1.645000
32.573792	1.645200
32.589492	1.645200
32.605892	1.645100
32.625292	1.645200
32.641592	1.645300
32.657992	1.645300
32.674492	1.645400
32.690192	1.645400
32.709092	1.645600
32.724992	1.645700
32.741492	1.645700
32.757792	1.645600
32.774092	1.645700
32.790692	1.645800
32.806292	1.645900
32.825392	1.646100
32.841192	1.646100
32.857792	1.646100
32.874092	1.646200
32.890692	1.646300
32.907292	1.646300
32.923092	1.646700
32.942092	1.646600
32.957792	1.646600
32.974292	1.646800
32.990692	1.646700
33.006892	1.647100
33.023492	1.646800
33.039392	1.647300
33.058392	1.647300
33.074192	1.647100
33.090692	1.647600
33.107092	1.647400
33.123292	1.647400
33.139892	1.647700
33.155592	1.647600
33.174692	1.647800
33.190392	1.647800
33.206892	1.647800
33.223292	1.648000
33.239592	1.647900
33.255992	1.648300
33.271992	1.648300
33.290892	1.648400
33.306792	1.648300
33.323192	1.648400
33.342592	1.648500
33.358992	1.648600
33.375492	1.648800
33.391992	1.648800
33.407592	1.648800
33.423492	1.648900
33.439892	1.649100
33.459292	1.649100
33.475792	1.649200
33.492192	1.649200
33.508792	1.649200
33.524492	1.649400
33.540292	1.649400
33.556792	1.649400
33.573092	1.649500
33.589392	1.649500
33.605892	1.649500
33.621692	1.649700
33.640592	1.649600
33.656592	1.649700
33.672992	1.649800
33.692492	1.649800
33.708892	1.649900
33.725292	1.649900
33.741792	1.649900
33.757592	1.650000
33.773492	1.650000
33.789792	1.650000
33.809292	1.650100
33.825692	1.650100
33.839392	1.650200
33.855192	1.650200
33.874592	1.650300
33.890392	1.650200
33.907292	1.650400
33.923692	1.650400
33.939992	1.650400
33.956492	1.650400
33.972292	1.650500
33.991092	1.650600
34.007092	1.650700
34.023592	1.650700
34.039892	1.650900
34.056192	1.650900
34.072692	1.650900
34.088592	1.651000
34.107492	1.651200
34.123392	1.651200
34.139792	1.651200
34.159292	1.651300
34.175692	1.651600
34.192192	1.651600
34.208792	1.651700
34.224392	1.651800
34.240092	1.651900
34.256692	1.652000
34.272992	1.652100
34.289192	1.652200
34.308792	1.652400
34.325192	1.652400
34.340892	1.652500
34.356792	1.652700
34.373292	1.652900
34.389592	1.652800
34.405892	1.652900
34.425392	1.653200
34.441792	1.653200
34.457592	1.653200
34.473492	1.653300
34.489892	1.653400
34.509292	1.653800
34.525792	1.653700
34.542292	1.653700
34.558592	1.653600
34.574392	1.654100
34.590092	1.653900
34.606692	1.654000
34.623092	1.653900
34.639292	1.654100
34.658792	1.654200
34.675392	1.654100
34.691092	1.654200
34.707092	1.654200
34.723492	1.654500
34.739692	1.654500
34.756092	1.654500
34.775492	1.654600
34.792092	1.654500
34.807992	1.654600
34.823692	1.654800
34.840292	1.654800
34.856492	1.654800
34.872992	1.654900
34.889592	1.655000
34.905592	1.655000
34.924692	1.655000
34.940692	1.655000
34.957092	1.655100
34.973492	1.655200
34.989692	1.655200
35.006292	1.655300
35.021992	1.655300
35.041092	1.655400
35.058492	1.655500
35.072992	1.655500
35.090492	1.655600
35.107892	1.655600
35.124392	1.655700
35.140792	1.655800
35.158392	1.655900
35.175792	1.655900
35.189892	1.656100
35.206092	1.656100
35.222592	1.656200
35.240192	1.656300
35.257292	1.656400
35.274592	1.656500
35.291992	1.656500
35.308392	1.656700
35.324492	1.656700
35.341792	1.656700
35.359192	1.656900
35.373992	1.657000
35.389892	1.657200
35.408892	1.657300
35.425592	1.657400
35.440492	1.657400
35.457692	1.657400
35.474992	1.657700
35.491192	1.657700
35.507592	1.657800
35.524892	1.658000
35.542192	1.658000
35.556292	1.658000
35.572392	1.658200
35.592192	1.658200
35.608392	1.658400
35.625692	1.658500
35.642992	1.658500
35.657192	1.658700
35.673492	1.658700
35.689592	1.658600
35.707092	1.658700
35.724492	1.658800
35.741692	1.658900
35.758992	1.658900
35.775292	1.658900
35.791692	1.659000
35.808992	1.659100
35.826192	1.659100
35.840392	1.659100
35.856792	1.659100
35.873292	1.659300
35.890792	1.659200
35.908092	1.659300
35.925492	1.659300
35.942692	1.659400
35.955892	1.659400
35.973292	1.659500
35.990392	1.659400
36.007592	1.659500
36.024892	1.659500
36.041192	1.659500
36.057392	1.659600
36.074792	1.659600
36.092092	1.659500
36.106192	1.659500
36.122592	1.659700
36.142192	1.659700
36.158592	1.659700
36.175892	1.659700
36.192992	1.659800
36.207192	1.659800
36.223392	1.659800
36.239792	1.659900
36.257092	1.659900
36.274292	1.659900
36.291392	1.660000
36.308792	1.660000
36.325092	1.660100
36.341192	1.660100
36.358492	1.660100
36.375792	1.660100
36.389992	1.660200
36.406392	1.660300
36.425892	1.660200
36.442192	1.660300
36.456492	1.660300
36.473792	1.660500
36.491192	1.660400
36.507292	1.660500
36.523592	1.660600
36.540992	1.660600
36.558092	1.660700
36.575192	1.660700
36.592592	1.660700
36.608892	1.660800
36.624992	1.660900
36.642292	1.661000
36.659692	1.661000
36.673892	1.661100
36.690192	1.661200
36.706592	1.661400
36.723892	1.661400
36.741192	1.661700
36.758492	1.661700
36.775792	1.661700
36.791892	1.661800
36.808192	1.661800
36.825592	1.661900
36.842992	1.662000
36.857092	1.662100
36.873392	1.662200
36.889792	1.662100
36.907292	1.662300
36.924792	1.662400
36.941892	1.662300
36.959292	1.662600
36.975592	1.662600
36.991692	1.662600
37.008992	1.662700
37.026292	1.662900
37.040492	1.663000
37.056892	1.663100
37.072992	1.663000
37.090292	1.663000
37.107692	1.663000
37.124892	1.663100
37.142392	1.663100
37.158592	1.663200
37.174892	1.663300
37.192292	1.663500
37.209692	1.663500
37.223692	1.663400
37.239992	1.663500
37.256392	1.663400
37.273792	1.663700
37.290892	1.663600
37.308092	1.663600
37.325392	1.663900
37.341792	1.663800
37.358092	1.664000
37.375592	1.663900
37.392992	1.664100
37.407192	1.664000
37.423492	1.664100
37.439592	1.664100
37.457192	1.664100
37.474492	1.664100
37.491792	1.664300
37.509192	1.664200
37.525392	1.664300
37.541792	1.664300
37.556292	1.664300
37.573592	1.664300
37.590892	1.664400
37.606992	1.664400
37.623292	1.664500
37.640692	1.664400
37.657892	1.664500
37.675192	1.664400
37.692592	1.664500
37.708892	1.664600
37.724992	1.664500
37.742392	1.664700
37.759892	1.664700
37.774492	1.664800
37.791092	1.664700
37.807292	1.664800
37.824892	1.664800
37.842492	1.664900
37.856692	1.664900
37.872992	1.665000
37.889492	1.665100
37.906992	1.665100
37.924492	1.665100
37.942092	1.665200
37.959392	1.665300
37.975492	1.665200
37.991792	1.665400
38.009292	1.665600
38.026592	1.665400
38.040692	1.665500
38.056792	1.665600
38.073092	1.665800
38.090592	1.665800
38.107892	1.665800
38.124992	1.665900
38.142392	1.666000
38.158692	1.666100
38.174992	1.666100
38.192592	1.666200
38.209892	1.666200
38.224092	1.666300
38.240692	1.666500
38.256792	1.666400
38.274092	1.666700
38.291392	1.666800
38.305892	1.666800
38.322292	1.666900
38.342092	1.667000
38.358492	1.667000
38.375892	1.667000
38.392992	1.667100
38.407192	1.667200
38.423392	1.667400
38.440092	1.667400
38.456692	1.667600
38.473092	1.667500
38.489292	1.667700
38.508792	1.667800
38.525392	1.667700
38.541692	1.667800
38.558792	1.668000
38.573092	1.668100
38.590592	1.668100
38.608092	1.668300
38.625292	1.668100
38.642092	1.668200
38.656492	1.668300
38.674092	1.668400
38.691692	1.668500
38.707792	1.668600
38.724392	1.668400
38.741892	1.668600
38.759092	1.668800
38.773492	1.668700
38.789592	1.668600
38.806192	1.668800
38.823492	1.668800
38.841092	1.668800
38.858292	1.668900
38.875892	1.668900
38.889092	1.669000
38.906692	1.669000
38.924192	1.669000
38.941392	1.669100
38.958792	1.669100
38.975092	1.669100
38.991192	1.669200
39.008492	1.669200
39.025792	1.669300
39.039992	1.669200
39.056292	1.669200
39.072692	1.669200
39.089992	1.669300
39.107292	1.669400
39.124592	1.669400
39.141992	1.669300
39.158092	1.669400
39.174392	1.669500
39.191692	1.669500
39.208892	1.669500
39.222992	1.669600
39.239292	1.669600
39.258892	1.669600
39.274992	1.669600
39.292392	1.669700
39.309692	1.669700
39.323892	1.669700
39.340192	1.669800
39.356292	1.669900
39.373592	1.669800
39.390892	1.669900
39.408192	1.669900
39.425592	1.669900
39.441692	1.669900
39.457992	1.669900
39.475292	1.670000
39.492492	1.670100
39.506592	1.670100
39.522692	1.670100
39.542292	1.670200
39.558392	1.670200
39.575692	1.670200
39.592992	1.670300
39.607192	1.670200
39.623492	1.670300
39.639792	1.670300
39.657192	1.670500
39.674492	1.670500
39.691792	1.670500
39.709092	1.670700
39.725292	1.670700
39.741592	1.670700
39.758892	1.670800
39.776092	1.670800
39.790092	1.670800
39.806192	1.670900
39.822692	1.671100
39.839992	1.671000
39.857092	1.671000
39.874392	1.671100
39.891792	1.671200
39.908792	1.671300
39.926092	1.671300
39.940092	1.671400
39.957492	1.671400
39.975192	1.671300
39.991692	1.671500
40.008092	1.671500
40.025792	1.671600
40.043292	1.671500
40.057492	1.671600
40.073792	1.671700
40.090092	1.671600
40.107592	1.671800
40.124892	1.671800
40.139192	1.671800
40.155492	1.671900
40.175192	1.671800
40.191592	1.672000
40.208892	1.672000
40.226292	1.671900
40.240392	1.671800
40.256692	1.672200
40.273092	1.672200
40.290392	1.672500
40.307592	1.672500
40.324992	1.672400
40.342392	1.672400
40.358792	1.672500
40.374992	1.672500
40.392392	1.672600
40.409692	1.672600
40.423892	1.672700
40.440192	1.672700
40.456492	1.672700
40.473892	1.672700
40.491192	1.672700
40.508492	1.672800
40.525992	1.672800
40.542192	1.673000
40.558492	1.672900
40.575992	1.672900
40.593292	1.672900
40.607292	1.672900
40.623392	1.673000
40.639992	1.673000
40.657392	1.673100
40.674492	1.673100
40.691692	1.673000
40.709292	1.673100
40.725592	1.673100
40.742292	1.673200
40.757092	1.673200
40.774192	1.673300
40.791592	1.673200
40.807892	1.673300
40.824292	1.673300
40.841792	1.673300
40.859192	1.673400
40.873692	1.673300
40.890392	1.673300
40.906792	1.673400
40.924392	1.673500
40.941792	1.673400
40.956192	1.673500
40.972492	1.673500
40.991892	1.673600
41.008392	1.673500
41.025892	1.673600
41.042992	1.673600
41.057092	1.673600
41.073192	1.673700
41.089692	1.673700
41.107092	1.673700
41.124192	1.673700
41.141392	1.673700
41.158792	1.673800
41.175192	1.673800
41.191392	1.673700
41.208992	1.673800
41.226292	1.673800
41.240492	1.673900
41.256992	1.673800
41.273492	1.673900
41.291092	1.673900
41.308392	1.673900
41.322792	1.674000
41.339092	1.674000
41.358592	1.674000
41.375192	1.674000
41.389592	1.674000
41.407492	1.674000
41.424292	1.674000
41.440092	1.674100
41.455992	1.674100
41.472592	1.674200
41.491992	1.674200
41.508492	1.674200
41.524892	1.674200
41.541292	1.674300
41.556992	1.674400
41.572992	1.674300
41.589392	1.674400
41.608892	1.674300
41.625292	1.674400
41.641692	1.674400
41.658192	1.674500
41.673992	1.674400
41.689892	1.674400
41.706292	1.674500
41.725892	1.674500
41.742192	1.674600
41.758792	1.674500
41.775192	1.674500
41.790892	1.674700
41.806792	1.674600
41.823192	1.674700
41.839792	1.674800
41.856092	1.674800
41.875492	1.674800
41.892192	1.674800
41.908092	1.674800
41.923992	1.674900
41.940592	1.674900
41.956892	1.675000
41.973292	1.675000
41.989892	1.675100
42.005592	1.675100
42.024692	1.675200
42.040492	1.675100
42.056992	1.675200
42.073292	1.675300
42.089692	1.675500
42.106292	1.675400
42.121992	1.675500
42.141092	1.675700
42.156792	1.675500
42.173392	1.675800
42.189692	1.675900
42.206092	1.675800
42.222692	1.675900
42.238392	1.676000
42.257492	1.676100
42.273192	1.676200
42.289792	1.676300
42.309292	1.676500
42.325692	1.676400
42.342092	1.676500
42.358492	1.676600
42.374192	1.676500
42.390092	1.676600
42.406792	1.676700
42.423092	1.676800
42.439392	1.677000
42.458892	1.677100
42.475392	1.677200
42.489392	1.677200
42.506992	1.677300
42.524492	1.677500
42.542092	1.677400
42.559492	1.677500
42.573492	1.677600
42.591092	1.677500
42.608592	1.677700
42.623192	1.677800
42.639792	1.677900
42.656292	1.677900
42.673792	1.678000
42.691192	1.678000
42.708492	1.678100
42.726092	1.678200
42.742192	1.678400
42.758592	1.678400
42.772892	1.678400
42.790292	1.678400
42.807892	1.678500
42.823992	1.678600
42.840392	1.678600
42.857892	1.678600
42.874992	1.678700
42.889392	1.678700
42.905692	1.678700
42.925692	1.678800
42.942092	1.678800
42.956492	1.678900
42.973792	1.678900
42.991592	1.678900
43.007992	1.679000
43.024492	1.679000
43.041792	1.679000
43.059092	1.679000
43.073592	1.679100
43.090092	1.679100
43.106392	1.679100
43.123892	1.679200
43.141192	1.679200
43.158792	1.679300
43.176492	1.679300
43.189392	1.679300
43.206892	1.679400
43.224292	1.679400
43.241792	1.679300
43.259092	1.679500
43.275292	1.679400
43.291792	1.679500
43.309192	1.679500
43.326292	1.679600
43.340692	1.679700
43.356792	1.679700
43.373092	1.679700
43.390692	1.679800
43.407892	1.679700
43.425292	1.679800
43.442892	1.679800
43.456492	1.679800
43.474792	1.679900
43.491992	1.679900
43.506292	1.680000
43.522392	1.680100
43.542292	1.680000
43.558592	1.680100
43.575892	1.680200
43.593492	1.680300
43.607992	1.680300
43.624292	1.680400
43.640392	1.680500
43.657992	1.680400
43.675392	1.680500
43.689992	1.680700
43.706592	1.680700
43.722992	1.680800
43.740392	1.680900
43.756792	1.680900
43.774092	1.681100
43.791692	1.681200
43.808092	1.681400
43.824592	1.681400
43.842292	1.681500
43.859692	1.681600
43.873692	1.681800
43.890292	1.681800
43.906892	1.681900
43.924592	1.682100
43.941992	1.682100
43.956292	1.682100
43.972392	1.682300
43.992292	1.682300
44.008392	1.682500
44.025892	1.682500
44.043292	1.682700
44.057492	1.682700
44.073992	1.682900
44.090092	1.682900
44.107692	1.683100
44.124992	1.683200
44.139192	1.683100
44.155792	1.683300
44.175192	1.683300
44.191592	1.683400
44.209192	1.683400
44.226292	1.683600
44.240692	1.683700
44.256392	1.683700
44.272392	1.683800
44.289192	1.683700
44.308892	1.683800
44.325392	1.683900
44.341792	1.683900
44.358192	1.684000
44.373992	1.683900
44.389892	1.683900
44.406292	1.684100
44.425892	1.684100
44.442392	1.684100
44.458792	1.684200
44.475392	1.684100
44.489592	1.684300
44.507192	1.684300
44.524792	1.684300
44.539492	1.684200
44.556692	1.684400
44.573192	1.684400
44.590792	1.684500
44.608392	1.684600
44.632492	1.684600
44.665592	1.684700
44.698192	1.684900
44.730092	1.685100
44.764592	1.685200
44.799092	1.685400
44.830992	1.685600
44.866092	1.685700
44.901492	1.686000
44.933292	1.686100
44.965492	1.686300
44.997492	1.686400
45.032092	1.686500
45.066692	1.686900
45.098592	1.686900
45.130692	1.687200
45.165192	1.687400
45.199792	1.687500
45.231692	1.687700
45.264092	1.687900
45.297492	1.687900
45.331392	1.688100
45.366292	1.688200
45.399392	1.688300
45.433392	1.688400
45.466992	1.688500
45.499992	1.688600
45.534192	1.688600
45.568592	1.688700
45.601392	1.688800
45.634792	1.688900
45.668192	1.689000
45.700692	1.689000
45.734192	1.689100
45.767892	1.689200
45.800392	1.689200
45.833992	1.689300
45.867592	1.689300
45.900992	1.689400
45.934892	1.689500
45.968692	1.689600
46.001092	1.689700
46.034692	1.689800
46.068092	1.689800
46.100892	1.690100
46.134292	1.690000
46.167892	1.690300
46.200592	1.690500
46.234192	1.690600
46.267692	1.691000
46.300392	1.690900
46.333792	1.691300
46.367592	1.691400
46.399892	1.691400
46.433592	1.691900
46.467092	1.691900
46.499592	1.692000
46.532892	1.692100
46.566592	1.692300
46.599092	1.692400
46.632792	1.692600
46.666292	1.692800
46.699092	1.692900
46.732592	1.693000
46.766192	1.693200
46.798592	1.693200
46.832492	1.693200
46.865892	1.693300
46.898692	1.693400
46.932292	1.693500
46.966092	1.693700
46.999292	1.693700
47.033092	1.693800
47.066492	1.693800
47.098892	1.693800
47.132392	1.694000
47.166092	1.694100
47.198792	1.694100
47.232492	1.694200
47.265892	1.694400
47.298392	1.694400
47.331792	1.694800
47.365492	1.694900
47.398092	1.694900
47.431792	1.695000
47.465292	1.695100
47.497692	1.695500
47.531092	1.695400
47.564692	1.695600
47.597292	1.695800
47.630992	1.696000
47.664292	1.696300
47.696992	1.696500
47.730492	1.697400
47.764192	1.697100
47.796692	1.697100
47.830292	1.697400
47.863792	1.697600
47.896492	1.697700
47.930192	1.698000
47.964092	1.698100
47.996492	1.698100
48.030292	1.698300
48.063792	1.698600
48.096492	1.698700
48.129992	1.698800
48.163692	1.698900
48.196192	1.699000
48.229792	1.699100
48.263192	1.699200
48.299192	1.699400
48.335092	1.699500
48.368592	1.699700
48.402292	1.699800
48.434792	1.700000
48.468492	1.700200
48.501892	1.700400
48.534392	1.700700
48.567792	1.700800
48.601692	1.701100
48.634392	1.701300
48.667992	1.701500
48.701492	1.701800
48.733992	1.702000
48.767492	1.702300
48.801192	1.702400
48.833892	1.702500
48.867692	1.702600
48.899192	1.702800
48.930292	1.703000
48.964292	1.703000
48.996892	1.703100
49.030592	1.703300
49.064292	1.703300
49.098992	1.703400
49.133692	1.703500
49.165592	1.703600
49.197592	1.703700
49.232192	1.703700
49.266692	1.703800
49.298792	1.703900
49.330592	1.704000
49.365192	1.704100
49.399792	1.704200
49.431692	1.704300
49.463792	1.704500
49.498292	1.704600
49.532792	1.704900
49.564892	1.705000
49.596692	1.705200
49.631292	1.705400
49.665992	1.705600
49.697992	1.705700
49.730092	1.705900
49.764592	1.706100
49.799092	1.706200
49.831192	1.706500
49.866192	1.706700
49.901392	1.706900
49.932892	1.707000
49.965092	1.707200
49.997092	1.707300
50.031592	1.707500
50.066192	1.707600
50.098192	1.707700
50.130092	1.707800
50.164692	1.707900
50.199192	1.708000
50.231092	1.708100
50.266292	1.708200
50.301392	1.708200
50.332792	1.708300
50.364792	1.708300
50.396692	1.708400
50.431292	1.708400
50.465792	1.708600
50.497692	1.708700
50.532792	1.708700
50.567892	1.708800
50.599292	1.708900
50.631492	1.709000
50.663292	1.709200
50.697892	1.709200
50.732392	1.709400
50.764292	1.709600
50.799392	1.709700
50.834692	1.710000
50.866092	1.710100
50.898292	1.710200
50.930392	1.710500
50.965092	1.710700
50.999592	1.710900
51.031492	1.711100
51.063592	1.711300
51.098092	1.711600
51.132692	1.711800
51.164592	1.711900
51.196592	1.712100
51.231092	1.712300
51.265592	1.712500
51.297592	1.712500
51.332692	1.712700
51.367892	1.712900
51.399092	1.713000
51.431192	1.713100
51.463192	1.713200
51.496492	1.713200
51.529992	1.713300
51.563692	1.713500
51.596292	1.713500
51.629992	1.713600
51.663392	1.713700
51.699192	1.713800
51.735292	1.713900
51.768892	1.713800
51.802592	1.713900
51.835392	1.714100
51.866092	1.714200
51.898692	1.714300
51.934692	1.714500
51.968392	1.714400
52.002192	1.714800
52.034792	1.714900
52.068492	1.715100
52.101892	1.715300
52.134692	1.715400
52.168192	1.715500
52.201892	1.715600
52.234392	1.715800
52.268092	1.716000
52.301592	1.716100
52.334192	1.716300
52.367592	1.716400
52.401392	1.716800
52.433892	1.716800
52.467592	1.717100
52.501092	1.717300
52.533692	1.717400
52.567192	1.717500
52.600792	1.717700
52.633392	1.717900
52.666992	1.718000
52.700692	1.718000
52.733392	1.718200
52.766892	1.718100
52.800592	1.718200
52.833192	1.718400
52.866892	1.718400
52.900492	1.718500
52.933192	1.718700
52.966992	1.718800
53.000592	1.719000
53.033292	1.719300
53.066992	1.719100
53.100692	1.719200
53.133192	1.719400
53.166692	1.719800
53.200392	1.720000
53.232992	1.720300
53.266692	1.720500
53.300092	1.720800
53.332592	1.720900
53.366192	1.721200
53.399892	1.721400
53.432392	1.721600
53.465992	1.721700
53.499492	1.721900
53.531992	1.722200
53.565492	1.722300
53.599192	1.722500
53.631792	1.722500
53.665392	1.722700
53.698892	1.722700
53.731592	1.722900
53.764992	1.723000
53.798792	1.723000
53.831292	1.723000
53.865092	1.723200
53.898792	1.723200
53.931692	1.723200
53.965592	1.723400
53.999292	1.723500
54.031792	1.723500
54.065592	1.723500
54.099092	1.723600
54.131692	1.723700
54.165192	1.723700
54.198892	1.723900
54.231392	1.724000
54.265092	1.724100
54.298692	1.724200
54.331292	1.724400
54.364692	1.724400
54.398392	1.724500
54.430892	1.724800
54.464592	1.724800
54.498092	1.724900
54.530592	1.725000
54.564092	1.725200
54.597792	1.725400
54.630492	1.725500
54.664092	1.725600
54.697592	1.725800
54.730192	1.726000
54.763692	1.726100
54.797392	1.726400
54.829992	1.726400
54.863692	1.726500
54.897192	1.726600
54.930092	1.726800
54.963792	1.726900
54.997492	1.727000
55.030092	1.727200
55.063792	1.727200
55.097192	1.727300
55.129692	1.727400
55.163192	1.727300
55.196992	1.727500
55.229492	1.727600
55.263092	1.727600
55.296692	1.727700
55.332492	1.727700
55.368292	1.727700
55.401792	1.727800
55.435492	1.727900
55.467992	1.727900
55.501792	1.728000
55.535292	1.728000
55.567892	1.728100
55.601392	1.728100
55.635092	1.728100
55.667692	1.728300
55.701492	1.728200
55.734992	1.728300
55.767592	1.728300
55.800992	1.728400
55.834792	1.728400
55.867392	1.728600
55.901192	1.728600
55.934792	1.728700
55.967592	1.728800
56.001192	1.728900
56.034792	1.729100
56.067392	1.729100
56.101092	1.729200
56.134592	1.729300
56.167192	1.729400
56.200592	1.729500
56.234292	1.729800
56.266892	1.730000
56.300592	1.730100
56.334092	1.730200
56.366692	1.730400
56.400192	1.730500
56.433892	1.730700
56.466492	1.730800
56.500092	1.731100
56.533592	1.731300
56.566192	1.731400
56.599792	1.731600
56.633492	1.731700
56.666092	1.731800
56.699692	1.732000
56.733292	1.732200
56.765792	1.732100
56.799292	1.732200
56.833192	1.732300
56.865792	1.732400
56.899592	1.732600
56.933392	1.732600
56.966292	1.732600
56.999892	1.732600
57.033592	1.732700
57.066092	1.732700
57.099892	1.732900
57.133392	1.732900
57.166292	1.732800
57.199792	1.732900
57.233492	1.733000
57.266292	1.733100
57.299992	1.733100
57.333592	1.733100
57.366092	1.733200
57.399592	1.733200
57.433292	1.733400
57.465892	1.733500
57.499592	1.733500
57.532992	1.733600
57.565692	1.733700
57.599092	1.733700
57.632892	1.734000
57.665392	1.733900
57.699192	1.734100
57.732692	1.734100
57.765292	1.734300
57.798792	1.734300
57.832592	1.734500
57.865092	1.734800
57.898792	1.734900
57.932492	1.735100
57.965292	1.735200
57.998892	1.735300
58.032592	1.735300
58.065192	1.735500
58.098992	1.735500
58.132392	1.735800
58.164892	1.736100
58.198492	1.736400
58.232192	1.736300
58.264992	1.736500
58.298692	1.736600
58.332192	1.736600
58.364992	1.736800
58.398492	1.737000
58.432292	1.736900
58.464692	1.737100
58.498592	1.737200
58.532092	1.737200
58.564592	1.737300
58.598192	1.737300
58.632092	1.737300
58.664692	1.737400
58.698592	1.737400
58.732192	1.737500
58.764692	1.737500
58.798192	1.737600
58.832092	1.737600
58.864692	1.737600
58.898392	1.737800
58.932292	1.737700
58.965292	1.737800
58.998992	1.738000
59.032692	1.737900
59.065292	1.737900
59.098992	1.737900
59.132492	1.738000
59.164992	1.738100
59.198592	1.738200
59.232192	1.738200
59.264892	1.738200
59.298492	1.738300
59.332092	1.738300
59.364592	1.738300
59.398192	1.738400
59.431892	1.738500
59.464592	1.738500
59.498192	1.738600
59.531692	1.738600
59.564392	1.738700
59.597792	1.738700
59.631592	1.738800
59.664092	1.738800
59.697792	1.738800
59.731392	1.739000
59.763992	1.738900
59.797492	1.739000
59.831192	1.739200
59.863892	1.739300
59.897692	1.739400
59.931292	1.739500
59.963992	1.739500
59.997692	1.739700
60.031392	1.739700
60.063992	1.739900
60.097792	1.739900
60.131292	1.740000
60.163892	1.740200
60.197392	1.740300
60.231092	1.740500
60.263692	1.740800
60.297392	1.740700
60.330792	1.740800
60.363392	1.740900
60.396892	1.741000
60.430692	1.741300
60.463292	1.741200
60.496992	1.741300
60.530592	1.741400
60.563192	1.741500
60.596592	1.741500
60.630292	1.741600
60.662892	1.741700
60.696692	1.741800
60.730192	1.741800
60.766092	1.741900
60.802192	1.742000
60.832492	1.742000
60.865392	1.742000
60.901392	1.742300
60.935292	1.742300
60.968992	1.742300
61.001592	1.742400
61.035192	1.742400
61.068892	1.742400
61.102792	1.742500
61.134792	1.742600
61.166092	1.742600
61.196692	1.742700
61.230292	1.742700
61.262992	1.742700
61.296592	1.742800
61.330292	1.742800
61.362992	1.742800
61.396592	1.742900
61.429992	1.742900
61.465892	1.743000
61.501792	1.743000
61.535292	1.743100
61.569092	1.743100
61.601792	1.743300
61.635692	1.743300
61.669192	1.743300
61.701892	1.743300
61.735592	1.743400
61.766092	1.743500
61.796492	1.743500
61.829992	1.743600
61.865992	1.743700
61.901892	1.743900
61.935592	1.743800
61.966192	1.743900
61.996892	1.744100
62.030392	1.744300
62.062992	1.744400
62.096592	1.744400
62.130292	1.744500
62.162892	1.744600
62.196592	1.744700
62.230192	1.744800
62.266092	1.744800
62.301892	1.745200
62.335492	1.745100
62.369192	1.745200
62.401792	1.745300
62.435492	1.745500
62.469092	1.745700
62.501592	1.746000
62.535192	1.745900
62.568892	1.746000
62.601592	1.746100
62.635392	1.746100
62.668992	1.746200
62.701592	1.746300
62.735092	1.746500
62.768892	1.746500
62.801492	1.746500
62.835292	1.746600
62.868892	1.746700
62.901692	1.746800
62.935392	1.746900
62.966092	1.746900
62.996692	1.747000
63.030292	1.747000
63.066092	1.747200
63.101992	1.747100
63.135592	1.747200
63.166092	1.747200
63.196592	1.747300
63.230092	1.747400
63.265892	1.747400
63.301892	1.747500
63.335492	1.747400
63.369192	1.747500
63.401892	1.747700
63.435692	1.747700
63.469192	1.747600
63.501892	1.747700
63.535292	1.747700
63.569092	1.747800
63.601792	1.747800
63.635492	1.747900
63.669092	1.747800
63.701592	1.747900
63.735192	1.748000
63.768892	1.748100
63.801592	1.748100
63.835392	1.748100
63.869092	1.748100
63.901592	1.748300
63.935592	1.748400
63.966292	1.748400
63.997092	1.748500
64.030592	1.748500
64.063192	1.748500
64.096692	1.748600
64.130592	1.748700
64.163292	1.748700
64.196992	1.748700
64.230692	1.748800
64.263192	1.748900
64.296792	1.748900
64.330492	1.749100
64.363092	1.749000
64.396992	1.749000
64.430492	1.749100
64.463092	1.749100
64.496692	1.749200
64.530392	1.749200
64.563092	1.749300
64.596892	1.749200
64.630392	1.749300
64.663092	1.749600
64.696892	1.749500
64.730592	1.749800
64.763192	1.749700
64.796992	1.750000
64.830592	1.749700
64.863192	1.750000
64.896792	1.750000
64.930592	1.750100
64.963792	1.750100
64.997692	1.750100
65.031192	1.750300
65.063892	1.750300
65.097492	1.750400
65.131192	1.750400
65.163892	1.750600
65.197592	1.750600
65.231192	1.750700
65.263792	1.750700
65.297292	1.750800
65.331092	1.750900
65.363692	1.751100
65.397492	1.751100
65.430892	1.751200
65.463592	1.751100
65.497192	1.751300
65.530992	1.751400
65.563592	1.751400
65.597392	1.751500
65.630892	1.751500
65.663492	1.751600
65.696992	1.751700
65.730792	1.751700
65.763492	1.751700
65.797292	1.751800
65.830892	1.751800
65.863692	1.751900
65.897192	1.751900
65.931192	1.751900
65.963892	1.752000
65.997892	1.752100
66.031492	1.752100
66.064092	1.752100
66.097692	1.752200
66.131392	1.752100
66.164192	1.752200
66.197992	1.752300
66.231592	1.752300
66.264192	1.752400
66.297792	1.752400
66.331492	1.752400
66.364092	1.752500
66.397892	1.752400
66.431492	1.752500
66.464092	1.752500
66.497592	1.752600
66.531392	1.752600
66.564192	1.752600
66.597992	1.752800
66.631692	1.752800
66.664292	1.752700
66.697892	1.752800
66.731592	1.752900
66.764292	1.752900
66.797992	1.753000
66.831692	1.753000
66.864592	1.753000
66.898092	1.753300
66.931992	1.753200
66.964892	1.753300
66.998892	1.753300
67.032192	1.753300
67.063992	1.753400
67.099092	1.753900
67.134292	1.754000
67.166492	1.754000
67.197992	1.754100
67.233092	1.754300
67.268292	1.754300
67.300192	1.754500
67.331492	1.754500
67.366592	1.754600
67.401592	1.754600
67.433592	1.754900
67.464992	1.755200
67.496992	1.755100
67.531892	1.755200
67.566992	1.755300
67.598392	1.755400
67.630292	1.755400
67.665392	1.755400
67.700592	1.755500
67.731992	1.755400
67.763992	1.755600
67.798992	1.755700
67.833992	1.755800
67.865392	1.755900
67.897292	1.755900
67.932492	1.756000
67.967892	1.756100
67.999292	1.756200
68.031492	1.756300
68.063292	1.756400
68.097992	1.756400
68.132392	1.756500
68.164292	1.756500
68.199292	1.756600
68.234492	1.756600
68.265892	1.756700
68.297992	1.756700
68.332892	1.756800
68.367992	1.756900
68.399392	1.757100
68.431292	1.757000
68.463292	1.757000
68.497792	1.757100
68.533192	1.757100
68.567692	1.757200
68.601492	1.757200
68.633892	1.757200
68.665692	1.757300
68.697792	1.757200
68.732492	1.757300
68.767092	1.757300
68.799192	1.757400
68.831092	1.757400
68.865692	1.757400
68.900292	1.757400
68.932292	1.757500
68.964692	1.757500
68.996592	1.757600
69.031692	1.757600
69.066892	1.757600
69.098792	1.757700
69.130192	1.757600
69.165192	1.757700
69.200092	1.757700
69.232192	1.757700
69.263492	1.757800
69.298692	1.757900
69.333792	1.757800
69.365692	1.757900
69.397192	1.757900
69.432092	1.757900
69.467092	1.758100
69.499092	1.758100
69.530492	1.758100
69.565692	1.758200
69.600692	1.758200
69.632692	1.758400
69.664092	1.758400
69.699092	1.758400
69.733992	1.758400
69.767692	1.758400
69.800492	1.758500
69.834092	1.758500
69.866192	1.758600
69.897592	1.758600
69.932592	1.758700
69.967792	1.758800
70.000092	1.758800
70.031392	1.758800
70.066592	1.759000
70.101692	1.759000
70.133592	1.759100
70.164892	1.759100
70.199992	1.759100
70.234892	1.759100
70.266892	1.759300
70.298292	1.759200
70.330292	1.759300
70.365392	1.759300
70.400292	1.759500
70.431692	1.759500
70.466692	1.759500
70.501592	1.759700
70.533592	1.759700
70.564992	1.759700
70.596892	1.759800
70.631992	1.759700
70.666992	1.759900
70.698392	1.759900
70.730392	1.760000
70.765492	1.760000
70.800692	1.760100
70.832092	1.760200
70.864292	1.760200
70.899192	1.760400
70.934192	1.760300
70.965692	1.760400
70.997892	1.760400
71.029992	1.760500
71.064592	1.760600
71.099092	1.760600
71.131192	1.760600
71.166092	1.760700
71.201092	1.760800
71.232592	1.760800
71.264392	1.761000
71.299592	1.761000
71.334792	1.761100
71.366192	1.761100
71.398192	1.761200
71.430092	1.761200
71.464592	1.761300
71.499192	1.761200
71.531092	1.761300
71.566292	1.761400
71.601392	1.761400
71.632792	1.761600
71.664792	1.761500
71.696692	1.761600
71.731292	1.761500
71.765792	1.761600
71.797792	1.761600
71.829792	1.761600
71.864492	1.761700
71.898992	1.761700
71.931092	1.761700
71.966192	1.761800
72.001492	1.761700
72.032792	1.761800
72.064692	1.761800
72.096792	1.761800
72.131392	1.761900
72.165892	1.762000
72.197992	1.761900
72.232992	1.762000
72.267892	1.762000
72.299192	1.762100
72.331192	1.762100
72.366292	1.762100
72.401492	1.762100
72.432792	1.762200
72.464892	1.762100
72.496792	1.762200
72.531292	1.762200
72.565892	1.762200
72.597792	1.762300
72.633092	1.762300
72.666992	1.762400
72.696992	1.762400
72.731992	1.762400
72.766992	1.762400
72.798392	1.762500
72.830392	1.762500
72.865492	1.762500
72.900692	1.762600
72.932092	1.762600
72.964292	1.762600
72.999492	1.762600
73.034692	1.762600
73.065992	1.762700
73.097892	1.762700
73.129992	1.762700
73.164492	1.762800
73.198992	1.762800
73.230992	1.762900
73.266092	1.762900
73.300992	1.762900
73.332392	1.762900
73.364392	1.763000
73.399492	1.763100
73.434692	1.763000
73.466192	1.763200
73.498192	1.763100
73.530192	1.763200
73.564692	1.763200
73.599192	1.763200
73.631092	1.763200
73.666292	1.763300
73.701592	1.763300
73.733092	1.763400
73.765092	1.763400
73.796992	1.763400
73.831592	1.763400
73.866192	1.763400
73.898092	1.763500
73.930192	1.763600
73.965092	1.763600
73.999992	1.763600
74.032292	1.763600
74.064092	1.763700
74.098692	1.763700
74.133092	1.763900
74.165092	1.763800
74.197192	1.763900
74.231692	1.763900
74.266192	1.764000
74.298192	1.764100
74.330092	1.764100
74.364592	1.764100
74.399192	1.764000
74.431092	1.764000
74.466092	1.764100
74.501392	1.764200
74.532792	1.764300
74.564792	1.764300
74.596692	1.764200
74.631292	1.764300
74.665892	1.764300
74.697692	1.764400
74.732792	1.764400
74.767992	1.764500
74.799392	1.764700
74.831492	1.764600
74.863392	1.764500
74.897992	1.764700
74.932392	1.764900
74.964492	1.764800
74.996692	1.764900
75.031392	1.764900
75.065892	1.764900
75.097992	1.765000
75.129992	1.765100
75.164392	1.765200
75.198992	1.765200
75.230992	1.765200
75.266092	1.765400
75.301192	1.765400
75.332592	1.765500
75.364592	1.765600
75.396692	1.765700
75.431192	1.765700
75.465692	1.765800
75.497692	1.765900
75.532692	1.766000
75.567892	1.766100
75.599392	1.766100
75.631392	1.766100
75.663292	1.766200
75.697892	1.766200
75.732492	1.766400
75.764392	1.766400
75.799592	1.766400
75.834792	1.766400
75.866392	1.766500
75.898392	1.766500
75.930292	1.766600
75.964992	1.766700
75.999692	1.766700
76.031792	1.766700
76.063792	1.766800
76.098392	1.766900
76.132892	1.766800
76.164992	1.766900
76.196892	1.767000
76.231492	1.767000
76.265992	1.767000
76.297892	1.767000
76.329992	1.767000
76.364592	1.767000
76.399092	1.767100
76.431092	1.767100
76.466092	1.767100
76.501192	1.767200
76.532592	1.767100
76.564492	1.767200
76.596592	1.767200
76.631292	1.767300
76.665792	1.767300
76.697892	1.767300
76.729992	1.767300
76.764392	1.767300
76.798992	1.767300
76.830992	1.767400
76.865992	1.767500
76.901192	1.767400
76.932592	1.767500
76.964892	1.767500
76.996892	1.767500
77.031592	1.767500
77.066192	1.767500
77.097992	1.767600
77.130092	1.767700
77.164692	1.767700
77.199192	1.767700
77.231292	1.767700
77.266192	1.767700
77.301292	1.768000
77.332592	1.768000
77.364592	1.768000
77.396692	1.768200
77.431292	1.768000
77.465792	1.768100
77.497892	1.768100
77.532892	1.768300
77.567892	1.768400
77.599292	1.768600
77.631192	1.768600
77.663292	1.768500
77.697992	1.768600
77.732592	1.768600
77.764692	1.768500
77.796692	1.768800
77.831192	1.768700
77.865692	1.768800
77.897692	1.768900
77.932792	1.768900
77.968192	1.769100
77.999892	1.769100
78.032392	1.769200
78.066292	1.769300
78.098992	1.769300
78.132692	1.769300
78.165692	1.769400
78.197392	1.769500
78.232692	1.769600
78.267792	1.769500
78.299792	1.769700
78.331292	1.769800
78.366292	1.769800
78.401292	1.770000
78.433392	1.770000
78.464692	1.770000
78.499992	1.770000
78.535092	1.770100
78.566992	1.770000
78.598392	1.770100
78.630392	1.770100
78.665492	1.769900
78.700692	1.770100
78.731992	1.770000
78.764092	1.770000
78.799192	1.770000
78.834292	1.770000
78.865592	1.770000
78.897592	1.770100
78.932792	1.770000
78.968292	1.769900
78.999892	1.770100
79.032192	1.770000
79.064092	1.770200
79.098692	1.770200
79.133192	1.770100
79.165092	1.770100
79.197092	1.770400
79.231892	1.770300
79.266292	1.770300
79.298392	1.770400
79.330292	1.770400
79.364892	1.770500
79.399392	1.770400
79.431392	1.770400
79.463392	1.770600
79.497992	1.770600
79.532492	1.770700
79.564492	1.770700
79.599592	1.770700
79.634592	1.770700
79.665892	1.770700
79.697992	1.771000
79.730092	1.770900
79.764592	1.771000
79.799192	1.771000
79.831192	1.770900
79.866192	1.771000
79.901292	1.770900
79.932592	1.771000
79.964692	1.771100
79.996892	1.771200
80.031592	1.771200
80.066192	1.771300
80.098292	1.771300
80.130292	1.771400
80.164792	1.771500
80.199292	1.771500
80.231192	1.771500
80.263292	1.771400
80.297892	1.771500
80.332392	1.771500
80.364492	1.771600
80.399492	1.771600
80.434492	1.771600
80.465992	1.771700
80.497892	1.771600
80.529992	1.771700
80.564792	1.771800
80.599292	1.771900
80.631392	1.771800
80.663292	1.771800
80.697992	1.771900
80.732492	1.771900
80.764392	1.771900
80.799492	1.772000
80.834792	1.772000
80.866292	1.772000
80.898392	1.772000
80.930292	1.772100
80.964992	1.772100
80.999692	1.772100
81.031792	1.772200
81.063892	1.772200
81.098392	1.772300
81.132892	1.772300
81.164992	1.772400
81.196892	1.772300
81.231492	1.772500
81.266192	1.772400
81.297992	1.772400
81.330092	1.772600
81.364892	1.772400
81.399492	1.772500
81.431592	1.772500
81.463592	1.772600
81.497992	1.772500
81.532592	1.772500
81.564592	1.772600
81.596692	1.772700
81.631392	1.772800
81.665992	1.772700
81.698092	1.772600
81.729992	1.772700
81.764592	1.772600
81.799092	1.772600
81.831092	1.772600
81.863292	1.772700
81.897892	1.772700
81.932492	1.772900
81.964492	1.772800
81.996692	1.772800
82.031392	1.772900
82.065992	1.773100
82.097992	1.773100
82.129992	1.773000
82.164592	1.773000
82.199092	1.773300
82.231192	1.773200
82.266192	1.773400
82.301292	1.773700
82.332692	1.773500
82.364692	1.773500
82.396692	1.773600
82.431292	1.773500
82.465792	1.773400
82.497892	1.773500
82.532792	1.773700
82.567792	1.773600
82.599292	1.773700
82.631292	1.774000
82.663292	1.773900
82.697992	1.774000
82.732592	1.774200
82.764592	1.774000
82.796592	1.774000
82.831192	1.774300
82.865692	1.774100
82.897692	1.774400
82.932792	1.774200
82.968092	1.774300
82.999792	1.774700
83.031892	1.774800
83.063892	1.774900
83.098392	1.774600
83.132892	1.774700
83.164992	1.774700
83.196892	1.774700
83.231592	1.774700
83.266192	1.775100
83.298192	1.774800
83.330192	1.775100
83.364692	1.775100
83.399292	1.775200
83.431192	1.775500
83.463292	1.775500
83.497892	1.775300
83.532392	1.775200
83.564492	1.775300
83.599492	1.775500
83.634492	1.775400
83.665892	1.775500
83.697892	1.775400
83.729992	1.775600
83.764492	1.775800
83.799092	1.775800
83.831192	1.775800
83.863292	1.775700
83.897892	1.775800
83.932392	1.775700
83.964492	1.775800
83.996992	1.775900
84.031892	1.776100
84.066492	1.776100
84.098692	1.776100
84.130492	1.776000
84.165092	1.776100
84.199692	1.776200
84.231492	1.776000
84.263592	1.776000
84.298192	1.776300
84.332792	1.776000
84.364892	1.776200
84.396892	1.776400
84.431292	1.776400
84.465892	1.776400
84.497892	1.776400
84.529992	1.776500
84.564492	1.776500
84.599092	1.776500
84.631092	1.776500
84.666092	1.776500
84.701092	1.776500
84.732592	1.776600
84.764592	1.776600
84.796592	1.776600
84.831192	1.776600
84.865792	1.776600
84.897892	1.776600
84.932892	1.776600
84.967992	1.776600
84.999492	1.776600
85.031592	1.776600
85.063692	1.776700
85.098192	1.776700
85.132892	1.776700
85.164992	1.776700
85.196892	1.776700
85.231492	1.776700
85.265992	1.776700
85.297892	1.776700
85.329992	1.776700
85.364492	1.776800
85.398992	1.776800
85.430992	1.776800
85.466092	1.776800
85.501092	1.776800
85.532592	1.776800
85.564392	1.776800
85.599592	1.776900
85.634792	1.776900
85.666192	1.776900
85.698192	1.776900
85.730292	1.776900
85.764792	1.776900
85.799392	1.776900
85.831392	1.777000
85.863592	1.777000
85.898092	1.777000
85.932792	1.777000
85.964892	1.776900
85.996992	1.776900
86.031692	1.776900
86.066392	1.777000
86.098292	1.777000
86.130292	1.777000
86.164892	1.777000
86.199492	1.777000
86.231492	1.777100
86.263492	1.777000
86.297992	1.777100
86.332592	1.777100
86.364592	1.777200
86.396692	1.777100
86.431192	1.777200
86.465892	1.777100
86.497992	1.777100
86.529892	1.777200
86.564392	1.777200
86.598992	1.777200
86.631092	1.777200
86.666192	1.777200
86.701392	1.777200
86.732692	1.777300
86.764792	1.777300
86.796692	1.777300
86.831392	1.777300
86.866092	1.777300
86.897992	1.777300
86.930092	1.777300
86.964592	1.777300
86.999392	1.777400
87.031592	1.777400
87.063592	1.777400
87.098192	1.777300
87.132692	1.777400
87.164592	1.777400
87.196692	1.777400
87.231192	1.777500
87.265892	1.777400
87.297992	1.777400
87.329992	1.777400
87.364392	1.777500
87.398992	1.777500
87.430992	1.777500
87.466092	1.777500
87.501292	1.777500
87.532792	1.777500
87.564892	1.777500
87.596892	1.777600
87.631392	1.777600
87.665992	1.777500
87.697892	1.777600
87.729992	1.777600
87.764492	1.777600
87.799092	1.777600
87.831092	1.777700
87.866092	1.777700
87.901092	1.777700
87.932592	1.777600
87.964392	1.777700
87.996792	1.777700
88.031692	1.777700
88.066292	1.777800
88.098292	1.777800
88.130292	1.777700
88.164792	1.777800
88.199292	1.777800
88.231392	1.777800
88.263292	1.777800
88.297892	1.777900
88.332492	1.777900
88.364492	1.777900
88.399592	1.777800
88.434692	1.777900
88.466192	1.777900
88.498192	1.778000
88.530192	1.778000
88.564792	1.778000
88.599592	1.778000
88.631992	1.778000
88.663892	1.777900
88.698592	1.778100
88.733292	1.778200
88.765292	1.778100
88.797292	1.778200
88.831992	1.778300
88.866592	1.778300
88.898692	1.778300
88.930692	1.778300
88.965392	1.778300
89.000292	1.778500
89.032592	1.778500
89.064792	1.778600
89.099292	1.778600
89.133892	1.778700
89.165892	1.778600
89.197892	1.778700
89.232492	1.778800
89.266992	1.778800
89.298992	1.778800
89.331092	1.778900
89.365692	1.779000
89.400292	1.778900
89.432392	1.779000
89.464292	1.779100
89.498692	1.779100
89.533292	1.779100
89.565192	1.779100
89.599892	1.779100
89.634292	1.779300
89.665692	1.779200
89.697792	1.779300
89.732892	1.779400
89.767892	1.779400
89.799492	1.779400
89.831392	1.779500
89.863492	1.779600
89.898092	1.779500
89.932692	1.779600
89.964792	1.779600
89.996892	1.779700
90.031592	1.779800
90.066192	1.779700
90.098192	1.779800
90.130292	1.779800
90.164892	1.779800
90.199392	1.779900
90.231492	1.780000
90.263592	1.780100
90.298192	1.780100
90.332592	1.780100
90.364592	1.780100
90.396692	1.780100
90.431292	1.780200
90.465892	1.780300
90.497992	1.780300
90.529992	1.780300
90.564692	1.780400
90.599292	1.780400
90.631292	1.780400
90.663292	1.780400
90.697892	1.780500
90.732692	1.780500
90.764792	1.780600
90.796692	1.780700
90.831392	1.780700
90.866092	1.780700
90.897992	1.780700
90.930092	1.780800
90.964692	1.780800
90.999392	1.780900
91.031592	1.780900
91.063592	1.780900
91.098292	1.781000
91.132792	1.781000
91.165692	1.781100
91.200992	1.781100
91.234092	1.781200
91.266492	1.781200
91.298592	1.781200
91.329992	1.781200
91.365292	1.781200
91.400492	1.781200
91.432292	1.781300
91.463792	1.781300
91.498892	1.781400
91.533992	1.781400
91.565992	1.781500
91.597492	1.781500
91.632592	1.781400
91.667792	1.781500
91.699792	1.781500
91.731292	1.781500
91.766392	1.781500
91.801392	1.781500
91.833492	1.781600
91.864992	1.781600
91.897092	1.781700
91.932192	1.781700
91.967192	1.781600
91.998792	1.781700
92.030892	1.781800
92.066292	1.781700
92.101492	1.781700
92.132792	1.781800
92.164992	1.781800
92.196992	1.781800
92.231492	1.781900
92.266192	1.781900
92.298092	1.781900
92.330192	1.782000
92.364692	1.782000
92.399192	1.782000
92.431392	1.782000
92.463292	1.782000
92.497892	1.782000
92.532392	1.782100
92.564392	1.782100
92.599592	1.782200
92.634892	1.782100
92.666392	1.782200
92.698492	1.782200
92.730492	1.782300
92.765092	1.782400
92.799692	1.782400
92.831592	1.782500
92.863692	1.782500
92.898192	1.782500
92.932892	1.782600
92.965092	1.782600
92.997192	1.782700
93.031892	1.782700
93.066692	1.782800
93.098592	1.782700
93.130592	1.782800
93.165092	1.782800
93.199692	1.783000
93.231792	1.783100
93.263892	1.783000
93.298392	1.783200
93.332892	1.783200
93.364892	1.783300
93.396892	1.783200
93.431492	1.783300
93.466092	1.783300
93.498092	1.783300
93.529992	1.783400
93.564592	1.783500
93.598992	1.783500
93.631092	1.783600
93.666192	1.783700
93.701392	1.783800
93.732792	1.783800
93.764892	1.783900
93.796892	1.783900
93.831492	1.784100
93.866192	1.784100
93.898092	1.784100
93.930192	1.784200
93.964792	1.784200
93.999692	1.784300
94.032192	1.784400
94.064392	1.784400
94.098992	1.784500
94.133592	1.784600
94.165592	1.784700
94.197692	1.784700
94.232292	1.784700
94.266892	1.784800
94.299092	1.784800
94.331092	1.785000
94.365692	1.785000
94.400192	1.785000
94.432092	1.785200
94.464192	1.785200
94.498692	1.785200
94.533292	1.785300
94.565392	1.785300
94.597392	1.785400
94.631892	1.785500
94.666492	1.785500
94.698592	1.785600
94.730692	1.785700
94.765292	1.785700
94.799892	1.785700
94.831892	1.785800
94.863892	1.785800
94.898892	1.785900
94.933392	1.785900
94.965292	1.786000
94.997492	1.786000
95.032292	1.786000
95.066992	1.786100
95.099092	1.786100
95.131092	1.786100
95.165592	1.786200
95.200092	1.786200
95.232092	1.786200
95.264092	1.786300
95.298692	1.786300
95.333192	1.786400
95.365292	1.786300
95.397192	1.786400
95.431792	1.786400
95.466392	1.786400
95.498292	1.786400
95.530392	1.786500
95.565092	1.786500
95.599892	1.786600
95.631992	1.786600
95.663992	1.786600
95.698492	1.786600
95.733092	1.786600
95.765192	1.786600
95.797192	1.786600
95.831792	1.786700
95.866492	1.786600
95.898592	1.786700
95.930592	1.786800
95.965092	1.786700
95.999792	1.786800
96.031892	1.786800
96.064192	1.786900
96.098692	1.786900
96.133292	1.786900
96.165392	1.786900
96.197392	1.786900
96.231892	1.786900
96.266492	1.787000
96.298492	1.787000
96.330592	1.787000
96.365192	1.786900
96.399592	1.787000
96.431792	1.787000
96.463692	1.787100
96.498292	1.787100
96.532992	1.787100
96.565092	1.787200
96.597192	1.787200
96.631992	1.787100
96.666592	1.787300
96.698692	1.787300
96.730592	1.787200
96.765192	1.787300
96.799692	1.787200
96.831892	1.787300
96.863992	1.787400
96.898692	1.787400
96.933192	1.787500
96.965292	1.787400
96.997292	1.787500
97.032092	1.787500
97.066792	1.787600
97.098792	1.787600
97.130792	1.787700
97.165392	1.787600
97.199992	1.787600
97.231992	1.787800
97.263992	1.788000
97.298492	1.787900
97.333192	1.787900
97.365192	1.788000
97.397292	1.787900
97.431792	1.788000
97.466392	1.788100
97.498392	1.788100
97.530292	1.788200
97.564892	1.788300
97.599592	1.788400
97.631492	1.788400
97.663492	1.788400
97.698192	1.788600
97.732792	1.788500
97.764892	1.788600
97.796892	1.788600
97.831492	1.788700
97.865992	1.788700
97.897892	1.788600
97.929992	1.788600
97.964692	1.788800
97.999492	1.788800
98.031792	1.788900
98.063892	1.789000
98.098492	1.788900
98.132992	1.789000
98.164992	1.789000
98.196992	1.789000
98.231592	1.789200
98.266392	1.789100
98.298592	1.789200
98.330492	1.789200
98.365092	1.789300
98.399692	1.789400
98.431592	1.789300
98.463792	1.789400
98.498392	1.789500
98.532992	1.789500
98.564992	1.789700
98.596892	1.789600
98.631592	1.789600
98.666192	1.789700
98.698092	1.789700
98.730292	1.789800
98.764892	1.789700
98.799392	1.789900
98.831592	1.789800
98.863592	1.789900
98.898192	1.790000
98.932792	1.790100
98.964692	1.790100
98.996892	1.790100
99.031892	1.790200
99.066792	1.790300
99.098992	1.790300
99.130892	1.790300
99.165492	1.790300
99.200292	1.790300
99.232192	1.790200
99.264292	1.790300
99.298792	1.790400
99.333392	1.790400
99.365492	1.790500
99.397492	1.790500
99.432092	1.790500
99.466592	1.790600
99.498592	1.790600
99.530592	1.790700
99.565092	1.790700
99.599792	1.790800
99.631792	1.790800
99.663692	1.790800
99.698292	1.790800
99.732892	1.790900
99.764992	1.790900
99.796992	1.790900
99.831592	1.791000
99.866192	1.791000
99.898192	1.791000
99.930192	1.791000
99.964692	1.791100
99.999292	1.791100
100.031592	1.791200
100.063792	1.791100
100.098492	1.791100
100.132992	1.791200
100.165092	1.791200
100.197092	1.791200
100.231592	1.791300
100.266192	1.791300
100.298192	1.791300
100.330292	1.791300
100.365092	1.791300
100.399692	1.791400
100.431792	1.791300
100.463792	1.791400
100.498492	1.791400
100.533092	1.791500
100.566292	1.791500
100.600792	1.791500
100.633992	1.791500
100.668092	1.791500
100.701892	1.791600
100.734992	1.791500
100.768792	1.791500
100.799492	1.791600
100.830292	1.791700
100.864192	1.791700
100.896992	1.791700
100.931192	1.791700
100.965292	1.791700
100.998092	1.791700
101.032492	1.791700
101.066392	1.791700
101.099292	1.791700
101.133192	1.791800
101.167292	1.791800
101.200292	1.791800
101.234392	1.791800
101.268192	1.791800
101.301092	1.791900
101.334992	1.791900
101.369092	1.792000
101.401892	1.792000
101.432792	1.792000
101.465692	1.792000
101.501892	1.792000
101.532592	1.792100
101.565392	1.792000
101.601792	1.792100
101.632592	1.792100
101.665792	1.792000
101.701992	1.792000
101.732692	1.792000
101.765692	1.792100
101.801892	1.792300
101.832892	1.792300
101.865892	1.792300
101.902092	1.792200
101.932792	1.792300
101.965792	1.792300
102.002092	1.792400
102.034892	1.792400
102.066892	1.792500
102.098692	1.792400
102.130792	1.792500
102.166092	1.792600
102.200292	1.792700
102.231092	1.792700
102.265092	1.792800
102.298092	1.792600
102.332292	1.792800
102.366392	1.792900
102.399192	1.792700
102.433392	1.793000
102.467492	1.793000
102.500292	1.792900
102.534092	1.792900
102.568192	1.792900
102.600992	1.793000
102.634992	1.793000
102.668792	1.793000
102.701592	1.793000
102.735392	1.793100
102.766092	1.793100
102.796792	1.793400
102.830492	1.793200
102.863492	1.793500
102.897292	1.793300
102.931292	1.793500
102.964092	1.793500
102.998092	1.793500
103.032492	1.793300
103.066192	1.793500
103.100092	1.793500
103.134092	1.793600
103.166892	1.793900
103.200892	1.793900
103.234592	1.793900
103.267592	1.793800
103.301392	1.793900
103.335392	1.794000
103.368192	1.793900
103.402192	1.794100
103.435892	1.794100
103.468892	1.794200
103.499592	1.794300
103.532392	1.794300
103.568592	1.794200
103.599392	1.794400
103.632292	1.794300
103.668292	1.794500
103.699792	1.794500
103.743392	1.794500
103.816792	1.794600
103.901892	1.794700
103.983492	1.794900
104.068292	1.795100
104.153092	1.795100
104.234092	1.795200
104.318792	1.795300
104.402892	1.795400
104.484592	1.795400
104.566192	1.795400
104.650292	1.795500
104.735092	1.795700
104.816192	1.795700
104.900992	1.795900
104.985092	1.796000
105.066992	1.796000
105.151892	1.796100
105.236592	1.796100
105.318192	1.796200
105.402192	1.796200
105.486992	1.796300
105.568192	1.796300
105.649792	1.796300
105.734492	1.796400
105.819192	1.796500
105.900892	1.796400
105.985292	1.796500
106.070292	1.796600
106.151492	1.796600
106.232992	1.796700
106.317792	1.796700
106.402592	1.796800
106.484092	1.796900
106.568292	1.796900
106.652992	1.797000
106.734192	1.797200
106.815992	1.797200
106.900692	1.797200
106.985392	1.797400
107.067392	1.797500
107.151792	1.797600
107.236392	1.797700
107.317392	1.797700
107.402092	1.797900
107.486192	1.798200
107.567892	1.798100
107.649392	1.798300
107.733492	1.798400
107.818292	1.798500
107.902392	1.798600
107.987092	1.798900
108.068692	1.799000
108.150392	1.799200
108.235092	1.799400
108.319792	1.799500
108.401192	1.799600
108.485292	1.799800
108.570192	1.799900
108.651592	1.800000
108.733192	1.800300
108.817792	1.800300
108.902492	1.800300
108.984192	1.800500
109.068692	1.800600
109.153592	1.800600
109.234592	1.800700
109.316092	1.800800
109.400892	1.800800
109.485592	1.800900
109.567092	1.801000
109.651192	1.801000
109.736092	1.801100
109.817192	1.801200
109.901892	1.801200
109.986092	1.801200
110.067792	1.801300
110.149592	1.801300
110.233692	1.801400
110.318292	1.801400
110.402292	1.801500
110.487092	1.801500
110.568392	1.801600
110.650092	1.801600
110.734692	1.801700
110.819292	1.801700
110.901092	1.801800
110.985192	1.801800
111.070092	1.801900
111.151192	1.801900
111.232692	1.802000
111.317492	1.802100
111.402292	1.802200
111.483692	1.802300
111.567792	1.802300
111.652692	1.802500
111.733692	1.802600
111.818492	1.802700
111.902692	1.802800
111.984192	1.803000
112.066092	1.803100
112.150392	1.803200
112.234992	1.803300
112.319192	1.803500
112.403992	1.803700
112.484992	1.803800
112.566592	1.804000
112.651292	1.804100
112.735892	1.804200
112.817492	1.804400
112.901592	1.804500
112.986192	1.804600
113.067692	1.804800
113.149292	1.804800
113.234092	1.805000
113.318792	1.805200
113.400292	1.805200
113.484492	1.805300
113.569292	1.805400
113.650292	1.805500
113.734992	1.805600
113.819192	1.805600
113.900892	1.805700
113.982492	1.805800
114.067092	1.805800
114.152092	1.806000
114.233092	1.806100
114.317592	1.806100
114.401892	1.806200
114.483592	1.806300
114.568192	1.806300
114.652792	1.806400
114.734492	1.806400
114.818592	1.806500
114.903192	1.806500
114.984192	1.806700
115.065992	1.806700
115.150992	1.806900
115.235692	1.807000
115.317292	1.807200
115.401392	1.807300
115.486092	1.807400
115.567192	1.807500
115.651992	1.807500
115.736192	1.807700
115.817792	1.807800
115.899492	1.807900
115.983692	1.808200
116.068492	1.808300
116.149692	1.808500
116.234392	1.808700
116.318492	1.808800
116.400192	1.809000
116.484692	1.809100
116.569392	1.809300
116.650992	1.809500
116.735092	1.809700
116.819792	1.809900
116.900892	1.810100
116.985492	1.810200
117.069892	1.810400
117.151792	1.810600
117.233292	1.810800
117.317692	1.810800
117.402392	1.810900
117.483392	1.811000
117.568192	1.811000
117.652292	1.811100
117.733792	1.811200
117.818492	1.811200
117.903192	1.811300
117.984792	1.811500
118.065992	1.811500
118.150892	1.811600
118.234892	1.811800
118.316592	1.811900
118.401192	1.811900
118.485792	1.812000
118.567492	1.812200
118.651792	1.812400
118.736592	1.812600
118.817692	1.812700
118.899292	1.813000
118.984092	1.813100
119.069192	1.813200
119.151192	1.813700
119.235292	1.813700
119.320092	1.814000
119.401092	1.814100
119.482792	1.814300
119.567292	1.814400
119.651892	1.814500
119.733592	1.814600
119.817792	1.814700
119.902292	1.814800
119.983392	1.814900
120.068192	1.814900
120.152592	1.815100
120.234192	1.815100
120.318892	1.815200
120.403392	1.815300
120.485092	1.815400
120.566192	1.815500
120.650992	1.815600
120.735192	1.815600
120.816692	1.815700
120.901592	1.815700
120.986292	1.815700
121.067892	1.815800
121.152192	1.815800
121.234492	1.815900
121.317492	1.816000
121.402192	1.816000
121.486892	1.816000
121.567892	1.816100
121.649392	1.816200
121.734192	1.816300
121.819092	1.816300
121.900692	1.816500
121.984892	1.816600
122.069792	1.816700
122.151092	1.816800
122.232792	1.817000
122.317492	1.817300
122.402192	1.817800
122.483792	1.818000
122.567892	1.818300
122.652592	1.819000
122.733692	1.819400
122.818292	1.819800
122.902492	1.820100
122.984092	1.820300
123.065692	1.820600
123.150092	1.820700
123.234892	1.820900
123.319092	1.821000
123.403792	1.821100
123.484792	1.821300
123.566292	1.821400
123.651092	1.821600
123.735892	1.822000
123.817392	1.822100
123.901892	1.822300
123.986692	1.822600
124.068092	1.822800
124.150292	1.823100
124.234892	1.823500
124.319592	1.823700
124.401192	1.824000
124.485592	1.824200
124.570192	1.824600
124.651292	1.824800
124.732792	1.825000
124.817592	1.825200
124.902292	1.825400
124.983892	1.825600
125.068192	1.825700
125.153192	1.825900
125.234192	1.826200
125.318992	1.826400
125.403292	1.826800
125.484692	1.827200
125.566192	1.827700
125.650392	1.828300
125.734992	1.828900
125.816092	1.829300
125.900892	1.829800
125.984992	1.830100
126.066892	1.830300
126.151692	1.830600
126.236292	1.830700
126.317992	1.830900
126.402092	1.831200
126.486792	1.831400
126.567792	1.831800
126.649392	1.832300
126.734092	1.832900
126.819092	1.833400
126.900692	1.834100
126.985092	1.834300
127.070092	1.834700
127.151392	1.835000
127.232992	1.835200
127.317692	1.835200
127.402292	1.835400
127.483992	1.835600
127.568092	1.835800
127.652692	1.836100
127.733892	1.836400
127.818592	1.836700
127.902692	1.837200
127.984392	1.837800
128.066092	1.838600
128.150592	1.839300
128.235292	1.839700
128.316392	1.840200
128.401192	1.840400
128.485292	1.840600
128.566792	1.840900
128.651892	1.841400
128.736492	1.841900
128.818092	1.842400
128.899492	1.843100
128.984192	1.843600
129.068492	1.844100
129.150792	1.844500
129.235492	1.844800
129.320092	1.845000
129.401792	1.845300
129.485892	1.845500
129.570492	1.845800
129.651392	1.846300
129.732892	1.846800
129.817692	1.847300
129.902392	1.847800
129.983892	1.848500
130.068292	1.849000
130.153392	1.849500
130.234492	1.849800
130.316192	1.850100
130.400792	1.850300
130.485492	1.850800
130.567192	1.851100
130.651392	1.851800
130.736092	1.852400
130.817392	1.852900
130.902092	1.853400
130.986292	1.854000
131.067992	1.854500
131.149792	1.854700
131.233892	1.854900
131.318692	1.855100
131.399692	1.855400
131.484492	1.856000
131.568592	1.856400
131.650092	1.857200
131.734892	1.858000
131.819592	1.858700
131.901192	1.859300
131.985392	1.859700
132.070292	1.859900
132.151692	1.860300
132.233392	1.860900
132.318092	1.861400
132.402692	1.862300
132.484292	1.863100
132.568492	1.863700
132.653092	1.864100
132.734192	1.864500
132.818792	1.864800
132.902892	1.865300
132.984592	1.865900
133.066292	1.866700
133.150892	1.867700
133.235692	1.868400
133.316792	1.868800
133.401492	1.869200
133.485692	1.869600
133.567292	1.869800
133.651992	1.870200
133.736792	1.870600
133.818492	1.871300
133.899592	1.872100
133.984292	1.873100
134.068692	1.873800
134.150892	1.874100
134.232492	1.874400
134.316992	1.874800
134.401792	1.875000
134.482792	1.875600
134.567592	1.876200
134.651692	1.877000
134.733192	1.877700
134.817992	1.878300
134.902792	1.878700
134.984292	1.879100
135.068592	1.879400
135.153692	1.879700
135.234792	1.880100
135.316392	1.880600
135.400992	1.881600
135.485592	1.882600
135.567292	1.883600
135.651592	1.884300
135.736292	1.885000
135.817392	1.885900
135.902192	1.887100
135.986292	1.888200
136.067992	1.888900
136.149892	1.889500
136.234092	1.890300
136.318992	1.891600
136.399992	1.892900
136.484792	1.893900
136.568892	1.894600
136.650392	1.895900
136.735292	1.897500
136.820092	1.898600
136.901792	1.899300
136.982692	1.900600
137.067392	1.902600
137.151892	1.903900
137.233592	1.905200
137.318092	1.907200
137.402692	1.909000
137.484392	1.912200
137.568492	1.916000
137.653092	1.920400
137.734092	1.925800
137.818792	1.933200
137.902892	1.956700
