21.172400	1.121000
21.180400	0.842000
21.182100	1.555000
21.182100	1.188000
21.190300	1.039000
21.215700	1.359000
21.230600	1.154000
21.261600	1.073000
21.282900	1.816000
21.299100	1.112000
21.306800	1.023000
21.307900	1.352000
21.309200	1.384000
21.310500	1.239000
21.328800	0.992000
21.331200	1.261000
21.342100	1.127000
21.391800	0.939000
21.401100	1.295000
21.417800	1.001000
21.420400	1.730000
21.441000	1.008000
21.472500	1.069000
21.490300	0.938000
21.490300	1.111000
21.542700	1.324000
21.549900	1.002000
21.552500	2.093000
21.555800	1.329000
21.556200	1.387000
21.584800	1.044000
21.585400	1.324000
21.609700	1.238000
21.636400	0.154000
21.660400	1.151000
21.740200	1.762000
21.744400	1.037000
21.775800	1.038000
21.776800	1.218000
21.810700	1.431000
21.816500	1.416000
21.823500	1.396000
21.824100	1.091000
21.861700	1.426000
21.886800	0.971000
21.892900	1.063000
21.897100	1.198000
21.904400	1.480000
21.947900	1.369000
21.957600	1.445000
21.977400	1.465000
22.056900	1.422000
22.110800	1.256000
22.129100	1.176000
22.139800	1.325000
22.256100	1.165000
22.345700	0.857000
22.353000	1.114000
22.386900	1.144000
22.410900	1.448000
22.428100	1.757000
22.444700	1.311000
22.464100	1.120000
22.466600	1.939000
22.513400	1.606000
22.672400	1.085000
22.810700	1.466000
22.840400	1.121000
22.867500	1.029000
22.903700	1.235000
22.942900	1.482000
22.959000	1.235000
22.971200	0.906000
23.008200	1.345000
23.115800	1.860000
23.170700	1.662000
23.176500	1.477000
23.301800	1.380000
23.338700	1.827000
23.355400	1.354000
23.358100	1.917000
23.391800	1.499000
23.396700	1.238000
23.405000	1.731000
23.405000	0.765000
23.405300	1.071000
23.409600	1.252000
23.445100	1.430000
23.482200	1.803000
23.608700	1.179000
23.684100	1.007000
23.788900	2.042000
23.816600	1.282000
23.819600	1.089000
23.845000	1.159000
23.847800	1.581000
23.914800	1.275000
23.935900	1.511000
23.941900	1.570000
23.997300	0.892000
24.042200	0.915000
24.055200	1.172000
24.106000	1.149000
24.151100	1.683000
24.206600	1.612000
24.252000	1.749000
24.361000	1.802000
24.431200	1.413000
24.434700	1.070000
24.557600	1.542000
24.584100	1.060000
24.586900	1.090000
24.629400	1.531000
24.649900	1.777000
24.870900	1.660000
24.920400	1.284000
25.026800	1.152000
25.040300	1.329000
25.107900	1.483000
25.147100	2.528000
25.170600	1.089000
25.242100	1.348000
25.292100	1.089000
25.409700	1.458000
25.427300	0.851000
25.493300	1.521000
25.533600	1.602000
25.563500	1.342000
25.754500	0.841000
25.960000	1.521000
26.111500	1.252000
26.158500	1.315000
26.223100	1.028000
26.373300	1.274000
26.471200	1.375000
26.481600	0.902000
26.529800	1.439000
26.851500	1.541000
26.881300	1.192000
26.895000	1.084000
26.895000	1.148000
26.903200	1.547000
26.958700	1.310000
27.098000	0.903000
27.191500	1.435000
27.206800	1.510000
27.320000	1.254000
27.346300	1.152000
27.382600	1.438000
27.457000	1.339000
27.531800	1.249000
27.654500	1.125000
27.681200	1.313000
27.734600	1.365000
27.804600	1.918000
27.812400	1.330000
27.829800	1.002000
27.864700	1.062000
27.869600	1.379000
27.963400	1.637000
27.965400	2.844000
27.970600	1.971000
27.972600	2.295000
28.026300	2.000000
28.034700	1.292000
28.120500	1.531000
28.262500	1.434000
28.293700	1.491000
28.424300	1.707000
28.514200	1.688000
28.556200	1.250000
28.587300	0.946000
28.613500	1.472000
28.633600	1.879000
28.658400	1.120000
28.658400	1.381000
28.683100	1.076000
28.721900	0.962000
28.772500	1.626000
28.790300	1.271000
28.847300	1.140000
28.849300	1.250000
28.993800	1.359000
29.065000	1.187000
29.199000	1.913000
29.393300	1.134000
29.410000	0.764000
29.415900	1.686000
29.542800	1.326000
29.647200	1.370000
29.670000	1.428000
29.670600	0.934000
30.312200	0.973000
30.363700	1.542000
30.590100	0.950000
30.604700	1.595000
30.719900	1.405000
30.744700	1.044000
30.839100	1.246000
30.918700	1.804000
31.043300	1.007000
31.054700	1.192000
31.262900	1.886000
31.364500	1.397000
31.602200	1.071000
31.736500	1.025000
31.737700	2.048000
31.759500	1.031000
31.855700	1.640000
31.863800	2.324000
31.919800	1.652000
31.991700	1.339000
32.239000	0.958000
32.330200	1.773000
32.335200	1.082000
32.347900	1.270000
32.358600	1.085000
32.380300	1.019000
32.455600	1.176000
32.561400	2.332000
32.804500	1.428000
32.971500	1.385000
33.017900	1.145000
33.122500	1.100000
33.174600	1.030000
33.175500	2.019000
33.218700	0.913000
33.220900	1.005000
33.366800	1.480000
33.388000	1.352000
33.401700	1.542000
33.444800	1.538000
33.500200	1.361000
33.881800	0.712000
33.896100	1.139000
33.920800	1.319000
34.013500	1.270000
34.055100	1.301000
34.145400	1.933000
34.170700	1.009000
34.228700	1.152000
34.445000	1.753000
34.676400	1.144000
34.798100	1.224000
35.048400	1.775000
35.127300	1.566000
35.181300	1.263000
35.219800	1.376000
35.426800	1.154000
35.616800	1.713000
35.630000	1.028000
36.065900	1.001000
36.161900	1.182000
36.312900	1.034000
36.384900	0.376000
36.559200	1.190000
36.894400	1.249000
37.089000	1.331000
37.115200	1.412000
37.165100	1.266000
37.377200	0.937000
37.424200	1.798000
37.529500	2.067000
37.813500	1.130000
38.010700	1.216000
38.052100	1.134000
38.121800	1.508000
38.377400	1.368000
38.693800	1.194000
38.693800	1.264000
38.720000	1.265000
38.795800	1.157000
39.096100	1.221000
39.122400	0.872000
39.559100	1.499000
39.626700	1.844000
39.643600	2.172000
39.646400	1.212000
40.048500	1.675000
40.575800	1.163000
40.609900	1.310000
40.641200	1.291000
41.025900	1.121000
41.113700	1.965000
41.252700	1.245000
41.336900	1.071000
41.408900	1.142000
41.413600	1.141000
41.470900	0.970000
41.473600	1.236000
41.590800	0.885000
41.796000	1.435000
41.862900	2.297000
41.981200	1.254000
42.138500	1.052000
42.406300	1.892000
42.737700	1.136000
42.765500	1.560000
42.795300	1.013000
42.823000	2.097000
42.833100	1.508000
42.871900	1.247000
43.266600	1.215000
43.755500	2.127000
43.807800	1.069000
43.855200	1.416000
43.896400	1.288000
44.138800	1.224000
44.342300	1.044000
44.561100	1.583000
44.561100	1.070000
44.933400	0.966000
45.088300	1.108000
45.088300	2.709000
45.165200	1.190000
45.285200	1.384000
45.312900	1.099000
45.352000	1.069000
45.540200	1.152000
45.651700	1.027000
45.676000	1.287000
45.788900	0.975000
45.788900	1.153000
46.122500	1.316000
46.124300	1.463000
46.137100	1.023000
46.501800	1.882000
46.512800	1.352000
46.576600	1.867000
46.621900	1.186000
46.697600	1.623000
46.697700	1.047000
46.993800	1.070000
47.000500	1.397000
47.044100	2.188000
47.339700	1.182000
47.500700	1.186000
47.550300	1.371000
47.729300	0.888000
47.844800	1.936000
48.036000	1.131000
48.280000	0.952000
48.342600	1.238000
48.504400	0.996000
48.588900	1.010000
48.708300	1.403000
48.736400	1.573000
48.754900	1.109000
48.764900	1.134000
48.924000	1.280000
49.015800	1.112000
49.015800	1.739000
49.282300	1.396000
49.386200	1.190000
49.402900	1.252000
49.537800	1.289000
49.561800	0.928000
49.597500	1.208000
49.606600	1.336000
49.788400	1.265000
49.837200	1.250000
49.847000	1.222000
49.900500	1.749000
49.919200	0.739000
49.991500	0.961000
50.079300	1.220000
50.141800	1.783000
50.161400	1.169000
50.570200	1.488000
50.680100	2.091000
50.712900	1.631000
50.841300	1.401000
50.847800	1.260000
51.126000	0.828000
51.191200	1.369000
51.236900	2.059000
51.248200	1.150000
51.469100	1.194000
52.027900	1.243000
52.185700	1.400000
52.434900	1.108000
52.489900	1.634000
52.637000	1.397000
52.834500	1.297000
52.877900	1.435000
52.939600	0.872000
53.466500	1.634000
53.653200	1.271000
53.676500	1.361000
53.686400	1.138000
54.060900	1.551000
54.419800	2.036000
54.629300	1.235000
54.766600	1.226000
54.858500	2.012000
55.183400	1.037000
55.234500	1.294000
55.260100	1.479000
55.464400	3.275000
55.554100	0.596000
55.638400	1.071000
55.658300	0.752000
55.685400	0.974000
55.906300	1.892000
56.013300	1.284000
56.256300	1.104000
56.256300	1.172000
56.307000	1.074000
56.449400	1.662000
56.814900	1.082000
57.297600	0.829000
57.591400	1.260000
57.665200	1.173000
57.704500	1.016000
57.795400	1.209000
58.005200	1.281000
58.146000	1.828000
58.281900	1.127000
58.281900	1.103000
58.495700	1.204000
58.504200	1.205000
58.511300	1.218000
58.610700	1.783000
58.707400	1.725000
58.945800	1.299000
58.998700	1.088000
59.071200	1.271000
59.072200	1.214000
59.633600	1.135000
59.693700	1.203000
59.979300	1.082000
60.047200	1.102000
60.048300	1.028000
60.181600	1.184000
60.437300	1.022000
60.513400	2.841000
60.615600	1.029000
60.677500	2.101000
60.693200	1.252000
60.847000	1.140000
61.000000	1.410000
61.073400	1.418000
61.320800	0.901000
61.320800	2.195000
61.470200	1.229000
61.705900	1.008000
61.917100	1.004000
63.094600	1.396000
63.531200	1.212000
63.917300	1.195000
64.024600	1.153000
64.609000	1.046000
65.041200	0.930000
65.256600	0.910000
65.537100	1.328000
66.207600	1.121000
66.299800	0.888000
66.739500	1.056000
66.997900	1.240000
67.293300	1.044000
68.478800	1.162000
68.805800	1.185000
68.933100	1.245000
69.409100	2.349000
69.412500	1.090000
70.117100	1.016000
70.163000	1.040000
71.213200	1.368000
71.739100	1.902000
72.596100	0.840000
73.146500	1.374000
74.460600	1.257000
74.913200	1.658000
75.236300	0.760000
76.250500	1.859000
76.286800	1.524000
76.658900	1.529000
76.944400	1.340000
76.949400	2.325000
77.083800	1.456000
79.011000	0.970000
79.085800	1.290000
79.094500	1.144000
79.362500	1.852000
79.556800	1.286000
79.588200	1.459000
79.731200	1.295000
81.395000	1.037000
81.524800	1.642000
81.859600	1.387000
82.361400	0.961000
82.628900	1.736000
83.807800	2.644000
83.880900	1.051000
83.881800	2.386000
84.523100	1.210000
84.691900	0.936000
86.345900	1.567000
86.487300	1.395000
87.019900	2.988000
87.955300	1.325000
87.987800	1.068000
89.246700	1.134000
89.286200	1.276000
90.812600	1.189000
91.600200	1.358000
91.637400	1.093000
92.096100	1.277000
92.302100	1.308000
92.336000	1.561000
92.408600	1.327000
92.859000	1.395000
93.821800	1.047000
94.607400	0.938000
96.063200	1.109000
96.556700	1.202000
96.933700	1.398000
97.429700	1.326000
98.326600	1.474000
99.793800	1.216000
100.107600	1.105000
100.594500	1.024000
100.594600	1.280000
100.674200	1.446000
100.952700	1.260000
101.103800	1.141000
101.681200	2.272000
101.713000	1.010000
102.111000	1.131000
102.242600	1.001000
102.737000	1.648000
103.194100	1.293000
103.675800	1.712000
104.103500	1.145000
104.319900	1.476000
104.372100	0.970000
104.372100	0.913000
104.617900	1.346000
104.871000	1.394000
105.196700	1.196000
106.170800	1.027000
107.214000	1.238000
107.877200	1.393000
108.238700	1.264000
108.635300	1.704000
109.144100	1.118000
109.568900	1.149000
109.568900	1.181000
111.109700	1.913000
111.494000	1.699000
112.293300	1.494000
112.681600	1.356000
112.729000	1.446000
113.510800	1.363000
113.911800	1.181000
113.942500	1.141000
114.374100	1.979000
114.478500	1.171000
115.066500	0.981000
115.145800	1.207000
115.630300	1.267000
115.841000	1.869000
116.326600	1.115000
116.511300	1.649000
116.914300	1.307000
117.261300	1.152000
117.836300	1.426000
121.295300	1.687000
121.373000	1.105000
121.904000	1.316000
121.924500	1.616000
122.028800	1.603000
122.121200	1.211000
123.805300	1.091000
124.004000	1.011000
124.089600	1.585000
124.190700	1.851000
124.345700	1.290000
124.719000	1.661000
124.904100	1.015000
124.952700	1.175000
125.674900	1.855000
125.675000	1.328000
125.784400	1.750000
125.994800	1.216000
126.102600	2.280000
126.132000	1.419000
126.542300	0.978000
126.884000	1.266000
127.070900	1.226000
127.172400	1.798000
127.177800	1.256000
127.287100	1.057000
127.351800	1.378000
127.721500	1.201000
127.724300	1.749000
127.792200	0.909000
127.819800	1.120000
127.826900	0.987000
127.828900	0.987000
127.895700	1.591000
127.997400	1.720000
128.780900	1.129000
128.821100	2.135000
128.828700	1.594000
128.890500	1.289000
129.064400	1.711000
129.078500	1.010000
129.213000	1.151000
129.265600	1.390000
129.725800	1.060000
129.768000	1.343000
130.272600	1.106000
130.317600	1.737000
130.656600	1.312000
131.102200	1.026000
131.113100	1.044000
131.140100	2.052000
131.146800	1.488000
131.168400	1.390000
131.315000	1.108000
131.496600	1.061000
131.709200	1.209000
132.156800	1.107000
132.253400	1.309000
132.292700	2.218000
132.336100	1.643000
132.355900	1.422000
132.404600	1.016000
132.405200	1.112000
132.416200	1.049000
132.429700	0.921000
132.436800	1.077000
132.584900	2.244000
132.584900	1.029000
132.629500	1.584000
132.675600	1.146000
132.765200	1.308000
132.812400	1.074000
132.995400	1.169000
133.022300	1.482000
133.049000	0.993000
133.140600	1.050000
133.283200	1.105000
133.390400	1.859000
133.425500	1.193000
133.552600	1.200000
133.572200	1.250000
133.624700	1.249000
133.639700	1.062000
133.795300	1.438000
134.148200	1.230000
134.153000	0.960000
134.153200	1.344000
134.153400	1.295000
134.171200	0.941000
134.174200	1.553000
134.177600	1.123000
134.242400	1.094000
134.446000	1.182000
134.523800	1.571000
134.626400	1.242000
134.647000	1.074000
134.701000	1.102000
134.709000	1.398000
134.717100	1.093000
134.840800	1.184000
134.938100	1.085000
134.950300	0.928000
134.978400	1.100000
135.201100	1.325000
135.253900	1.422000
135.260600	1.139000
135.349200	2.113000
135.352100	1.221000
135.372000	1.476000
135.426500	1.168000
135.490900	1.221000
135.497100	0.826000
135.499400	0.995000
135.558200	2.180000
135.581300	1.879000
135.672700	1.226000
135.758700	1.268000
135.801100	1.125000
135.820300	1.140000
135.825200	1.345000
135.855400	1.136000
135.866800	1.188000
135.900500	1.236000
135.907700	1.472000
135.971400	1.375000
136.020500	1.617000
136.037500	1.129000
136.062100	1.780000
136.173500	1.315000
136.174200	1.634000
136.175600	0.982000
136.206700	0.029000
136.251000	1.118000
136.269500	2.347000
136.269800	1.294000
136.299300	0.943000
136.327300	1.160000
136.336300	1.053000
136.389300	1.893000
136.406100	1.063000
136.410800	1.184000
136.424300	1.199000
136.425800	1.242000
136.434200	0.934000
136.435800	2.201000
136.452500	1.307000
136.461300	1.303000
136.463000	0.923000
136.466600	1.798000
136.476700	1.335000
136.479200	1.756000
136.483200	0.916000
136.484700	1.208000
136.490900	1.686000
136.498500	1.331000
136.502200	1.164000
136.503000	1.766000
136.512300	1.317000
136.529600	1.955000
136.532600	0.982000
136.535100	1.520000
136.547900	1.686000
136.551700	1.257000
136.552100	1.415000
136.554500	1.137000
136.556400	1.071000
136.560000	1.348000
136.565900	1.015000
136.570300	1.717000
136.571800	1.555000
136.572200	1.061000
136.574200	1.455000
136.577300	0.984000
136.577400	0.967000
136.578200	0.929000
136.580100	1.310000
136.580400	1.044000
136.583100	1.359000
136.584700	1.362000
136.585000	1.471000
136.585600	1.249000
136.586100	1.091000
136.586400	1.042000
136.586600	1.191000
136.587500	1.389000
136.587700	1.100000
136.588200	1.391000
136.589400	1.461000
136.589600	1.057000
136.589900	1.539000
136.590000	1.335000
136.590700	1.024000
136.591000	1.662000
136.591000	1.270000
136.591200	0.926000
136.591200	1.890000
136.591500	1.232000
136.591700	0.874000
136.592000	1.353000
136.592100	1.000000
136.592300	1.340000
136.592700	1.204000
136.593200	1.810000
136.594300	0.852000
136.594400	1.420000
136.594700	1.036000
136.594800	0.412000
136.595600	2.294000
136.596100	1.406000
136.596300	1.372000
136.596600	1.048000
136.596900	0.859000
136.597200	1.156000
136.597200	1.442000
136.597300	0.913000
136.597400	1.137000
136.597500	1.525000
136.598500	0.796000
136.598500	1.922000
136.598600	1.232000
136.598700	1.385000
136.598800	0.991000
136.598800	1.283000
136.599000	0.989000
136.599100	1.047000
136.599100	1.057000
136.599200	0.835000
136.599200	1.319000
136.599300	1.803000
136.599300	1.482000
136.599300	1.525000
136.599400	1.108000
136.599400	1.891000
136.599500	1.221000
136.599600	1.078000
136.599600	0.759000
136.599600	1.126000
136.599900	1.031000
136.599900	1.894000
136.599900	1.142000
136.600000	1.192000
136.600000	1.042000
136.600100	1.264000
136.600100	1.286000
136.600700	1.939000
136.600800	1.490000
136.600800	1.521000
136.600900	1.308000
136.600900	0.972000
136.601100	1.746000
136.601200	0.984000
136.601200	0.843000
136.601200	0.941000
136.601200	1.006000
136.601300	1.246000
136.601500	1.576000
136.601500	1.345000
136.601600	1.057000
136.601700	1.329000
136.601700	1.162000
136.601700	1.209000
136.601800	0.896000
136.601800	1.195000
136.601800	1.444000
136.601900	1.058000
136.602000	1.231000
136.602200	1.390000
136.602200	0.971000
136.602200	0.859000
136.602400	1.267000
136.602400	1.111000
136.602400	0.955000
136.602400	1.649000
136.602500	1.685000
136.602600	1.200000
136.602600	1.553000
136.602700	0.900000
136.602800	1.911000
136.602800	1.059000
136.602800	1.438000
136.602900	1.161000
136.602900	1.592000
136.602900	1.931000
136.603100	0.834000
136.603100	1.489000
136.603100	1.387000
136.603100	1.251000
136.603200	1.066000
136.603300	2.344000
136.603300	1.111000
136.603400	0.968000
136.603400	1.338000
136.603400	1.212000
136.603500	0.735000
136.603500	1.069000
136.603500	1.361000
136.603600	1.128000
136.603700	1.174000
136.603800	1.247000
136.603800	1.267000
136.603900	0.826000
136.603900	1.273000
136.603900	1.500000
136.603900	1.379000
136.604000	1.038000
136.604000	1.274000
136.604000	1.306000
136.604100	1.183000
136.604100	1.444000
136.604100	1.160000
136.604100	1.188000
136.604100	1.031000
136.604200	1.741000
136.604200	1.264000
136.604200	1.321000
136.604200	1.527000
136.604200	0.953000
136.604300	2.124000
136.604300	1.251000
136.604300	1.151000
136.604400	1.301000
136.604400	1.368000
136.604400	0.810000
136.604500	1.042000
136.604500	1.179000
136.604500	1.028000
136.604500	1.099000
136.604500	1.326000
136.604500	1.140000
136.604600	1.346000
136.604600	1.354000
136.604600	1.146000
136.604600	1.261000
136.604700	1.293000
136.604700	1.603000
136.604700	1.083000
136.604700	1.017000
136.604800	1.107000
136.604800	1.046000
136.604800	1.438000
136.604900	1.727000
136.604900	1.339000
136.604900	1.065000
136.604900	2.547000
136.604900	0.226000
136.605000	1.862000
136.605000	0.995000
136.605000	1.002000
136.605000	1.304000
136.605000	2.703000
136.605100	1.672000
136.605100	1.342000
136.605100	1.096000
136.605100	1.492000
136.605100	1.228000
136.605100	1.493000
136.605100	1.623000
136.605200	1.389000
136.605200	1.395000
136.605200	1.444000
136.605200	0.942000
136.605200	1.286000
136.605200	1.241000
136.605200	1.179000
136.605300	1.810000
136.605300	1.545000
136.605400	1.305000
136.605400	1.893000
136.605400	1.114000
136.605400	0.864000
136.605400	1.906000
136.605400	1.092000
136.605500	1.127000
136.605500	1.779000
136.605500	1.325000
136.605500	1.005000
136.605500	1.481000
136.605500	1.048000
136.605500	1.703000
136.605600	1.179000
136.605600	1.362000
136.605600	1.320000
136.605600	1.442000
136.605600	1.687000
136.605600	0.974000
136.605600	1.436000
136.605700	1.071000
136.605700	1.194000
136.605700	1.106000
136.605700	1.230000
136.605700	1.680000
136.605700	2.251000
136.605800	1.199000
136.605800	1.262000
136.605800	1.375000
136.605800	1.219000
136.605800	1.690000
136.605800	1.157000
136.605800	1.275000
136.605800	1.272000
136.605900	1.171000
136.605900	0.846000
136.605900	1.072000
136.605900	1.054000
136.605900	1.867000
136.605900	1.283000
136.606000	1.261000
136.606000	1.473000
136.606000	1.457000
136.606000	1.127000
136.606000	1.307000
136.606000	1.301000
136.606000	0.960000
136.606100	0.984000
136.606100	1.352000
136.606100	0.963000
136.606100	0.956000
136.606100	1.192000
136.606100	1.439000
136.606100	1.127000
136.606100	1.007000
136.606200	0.784000
136.606200	1.107000
136.606200	1.329000
136.606200	1.154000
136.606200	1.563000
136.606200	1.126000
136.606300	1.617000
136.606300	1.622000
136.606300	1.272000
136.606300	1.074000
136.606300	1.117000
136.606300	1.267000
136.606300	1.246000
136.606300	1.369000
136.606400	1.551000
136.606400	1.310000
136.606400	1.024000
136.606400	1.112000
136.606500	1.451000
136.606500	1.529000
136.606500	0.868000
136.606500	1.486000
136.606500	1.398000
136.606600	1.413000
136.606600	1.506000
136.606700	1.098000
136.606700	1.598000
136.606700	1.211000
136.606800	1.096000
136.606800	1.311000
136.606800	1.214000
136.606900	1.595000
136.606900	1.023000
136.606900	1.536000
136.607000	1.102000
136.607000	1.098000
136.607100	1.087000
136.607100	0.961000
136.607100	1.136000
136.607200	1.425000
136.607200	0.995000
136.607300	1.096000
136.607300	1.092000
136.607300	0.923000
136.607300	1.285000
136.607300	1.173000
136.607400	1.390000
136.607400	1.264000
136.607400	1.417000
136.607400	0.994000
136.607400	1.421000
136.607500	0.339000
136.607500	1.021000
136.607500	1.509000
136.607500	1.143000
136.607500	1.155000
136.607500	1.427000
136.607500	1.413000
136.607600	1.502000
136.607600	2.159000
136.607700	1.268000
136.607700	1.494000
136.607700	1.227000
136.607800	1.059000
136.607800	1.009000
136.607900	1.200000
136.607900	1.167000
136.607900	1.108000
136.608000	1.228000
136.608000	1.368000
136.608100	0.838000
136.608100	1.407000
136.608100	1.163000
136.608200	1.352000
136.608200	1.038000
136.608200	1.369000
136.608200	1.016000
136.608300	1.179000
136.608300	1.486000
136.608300	1.326000
136.608300	0.894000
136.608300	1.082000
136.608400	1.182000
136.608400	1.935000
136.608400	0.943000
136.608400	1.047000
136.608400	1.122000
136.608400	1.061000
136.608500	0.917000
136.608500	1.612000
136.608500	0.993000
136.608500	1.724000
136.608500	1.150000
136.608500	1.181000
136.608500	1.498000
136.608600	0.163000
136.608600	1.017000
136.608600	1.171000
136.608600	1.145000
136.608600	1.813000
136.608600	0.985000
136.608700	1.881000
136.608700	1.035000
136.608700	1.289000
136.608700	2.122000
136.608700	0.106000
136.608700	1.661000
136.608800	1.069000
136.608800	1.122000
136.608800	1.089000
136.608800	1.129000
136.608800	0.958000
136.608900	1.443000
136.608900	1.073000
136.608900	0.957000
136.608900	0.975000
136.608900	0.986000
136.608900	1.163000
136.609000	1.037000
136.609000	1.013000
136.609000	1.259000
136.609000	1.906000
136.609000	0.954000
136.609000	1.389000
136.609000	0.960000
136.609100	1.217000
136.609100	2.053000
136.609100	1.393000
136.609100	1.017000
136.609200	1.267000
136.609200	1.442000
136.609200	1.676000
136.609200	1.421000
136.609300	1.300000
136.609300	1.281000
136.609300	1.219000
136.609300	1.649000
136.609400	1.343000
136.609400	1.059000
136.609400	1.648000
136.609400	1.007000
136.609400	1.772000
136.609500	1.230000
136.609500	1.324000
136.609500	1.472000
136.609600	1.116000
136.609600	2.020000
136.609600	1.503000
136.609600	1.055000
136.609700	1.903000
136.609700	1.188000
136.609700	1.177000
136.609700	1.239000
136.609700	1.174000
136.609700	1.166000
136.609700	1.236000
136.609700	1.147000
136.609800	1.324000
136.609800	1.508000
136.609800	2.383000
136.609900	0.943000
136.609900	1.133000
136.609900	1.075000
136.609900	1.108000
136.609900	1.027000
136.610000	1.201000
136.610000	1.121000
136.610000	0.839000
136.610000	1.195000
136.610100	1.345000
136.610100	0.905000
136.610100	1.350000
136.610200	0.997000
136.610200	1.382000
136.610300	2.051000
136.610300	1.113000
136.610300	1.435000
136.610400	1.115000
136.610400	1.491000
136.610500	1.214000
136.610500	1.253000
136.610600	1.272000
136.610800	1.299000
136.610900	2.709000
136.610900	1.027000
136.610900	1.141000
136.611000	1.718000
136.611000	1.301000
136.611000	1.179000
136.611000	0.853000
136.611000	1.193000
136.611100	0.894000
136.611100	1.380000
136.611100	1.263000
136.611200	1.234000
136.611200	1.085000
136.611200	1.716000
136.611300	1.955000
136.611300	1.181000
136.611300	1.473000
136.611400	2.098000
136.611400	1.258000
136.611400	1.257000
136.611400	0.962000
136.611500	1.342000
136.611500	1.128000
136.611500	1.047000
136.611600	0.826000
136.611700	1.978000
136.611700	1.519000
136.611800	2.009000
136.611800	1.109000
136.611900	2.487000
136.611900	1.093000
136.611900	1.116000
136.612000	1.848000
136.612000	1.324000
136.612000	1.808000
136.612000	1.122000
136.612100	1.114000
136.612100	1.036000
136.612100	2.880000
136.612100	0.824000
136.612200	1.278000
136.612200	1.114000
136.612200	1.235000
136.612300	1.016000
136.612300	1.106000
136.612400	1.062000
136.612500	1.609000
136.612500	1.564000
136.612500	1.052000
136.612600	1.528000
136.612700	1.166000
136.612700	1.218000
136.612800	0.924000
136.612800	1.056000
136.612800	0.930000
136.612900	1.108000
136.612900	1.070000
136.612900	2.378000
136.613100	1.063000
136.613100	1.267000
136.613200	1.975000
136.613300	2.080000
136.613300	1.746000
136.613300	1.096000
136.613300	1.047000
136.613300	1.668000
136.613400	1.245000
136.613400	1.254000
136.613400	2.224000
136.613400	0.710000
136.613500	1.213000
136.613500	0.897000
136.613500	1.099000
136.613600	1.341000
136.613600	1.180000
136.613700	1.116000
136.613800	1.650000
136.613800	1.122000
136.613900	1.027000
136.613900	1.245000
136.614000	0.922000
136.614100	1.167000
136.614100	1.826000
136.614100	1.236000
136.614200	1.235000
136.614200	1.750000
136.614300	0.742000
136.614300	1.120000
136.614400	1.142000
136.614500	1.249000
136.614500	1.072000
136.614600	0.800000
136.614600	1.108000
136.614600	1.722000
136.614700	2.620000
136.614800	1.038000
136.614900	1.120000
136.615000	1.301000
136.615100	1.240000
136.615100	0.989000
136.615200	1.352000
136.615200	1.122000
136.615200	1.763000
136.615300	0.827000
136.615400	1.494000
136.615500	1.304000
136.615600	0.936000
136.615700	1.075000
136.615700	1.241000
136.615900	1.078000
136.615900	1.026000
136.616100	1.223000
136.616100	1.074000
136.616100	0.968000
136.616200	1.311000
136.616200	0.818000
136.616300	1.266000
136.616400	0.847000
136.616400	1.010000
136.616500	1.260000
136.616600	0.998000
136.616700	1.217000
136.616700	1.120000
136.616800	0.734000
136.616800	0.847000
136.616800	1.472000
136.616800	0.928000
136.616900	0.982000
136.617000	1.238000
136.617000	1.176000
136.617100	1.323000
136.617100	1.153000
136.617200	0.959000
136.617200	1.189000
136.617300	1.373000
136.617300	0.204000
136.617400	1.173000
136.617400	1.191000
136.617400	1.175000
136.617500	1.610000
136.617600	1.454000
136.617600	1.098000
136.617600	1.430000
136.617700	1.000000
136.617800	1.002000
136.617800	1.095000
136.617800	0.686000
136.617800	1.466000
136.617800	1.048000
136.617900	1.440000
136.618100	2.181000
136.618100	0.840000
136.618100	1.099000
136.618200	0.955000
136.618300	0.997000
136.618300	0.812000
136.618400	1.106000
136.618400	1.321000
136.618400	1.131000
136.618500	1.047000
136.618500	0.987000
136.618500	0.987000
136.618700	0.959000
136.618700	1.781000
136.618700	1.124000
136.618800	1.119000
136.618800	1.185000
136.618800	1.363000
136.618900	1.127000
136.618900	1.055000
136.619100	0.969000
136.619100	1.042000
136.619100	1.272000
136.619200	1.300000
136.619200	1.566000
136.619200	1.465000
136.619200	1.118000
136.619300	1.336000
136.619300	0.848000
136.619300	1.725000
136.619400	0.903000
136.619400	1.353000
136.619400	1.102000
136.619500	1.685000
136.619600	1.909000
136.619600	1.075000
136.619700	1.167000
136.619800	1.735000
136.619800	0.789000
136.619900	0.772000
136.619900	0.898000
136.620000	1.338000
136.620000	0.237000
136.620100	1.492000
136.620200	1.380000
136.620200	1.454000
136.620200	1.146000
136.620200	0.769000
136.620300	1.088000
136.620300	1.400000
136.620300	1.084000
136.620300	1.297000
136.620400	1.523000
136.620400	0.982000
136.620400	0.926000
136.620400	1.248000
136.620500	0.812000
136.620500	1.595000
136.620500	1.260000
136.620600	1.298000
136.620600	0.983000
136.620700	1.545000
136.620700	1.262000
136.620700	1.453000
136.620800	0.959000
136.620800	0.957000
136.620800	0.789000
136.620800	1.468000
136.620900	0.800000
136.620900	0.974000
136.620900	1.562000
136.621000	1.428000
136.621000	1.497000
136.621000	1.042000
136.621100	2.329000
136.621100	0.846000
136.621200	1.131000
136.621200	0.698000
136.621200	1.287000
136.621200	1.413000
136.621200	1.157000
136.621300	1.337000
136.621300	1.091000
136.621300	0.759000
136.621300	1.824000
136.621400	1.115000
136.621400	1.231000
136.621400	1.072000
136.621500	1.375000
136.621500	1.578000
136.621500	0.913000
136.621500	0.750000
136.621600	1.696000
136.621600	0.837000
136.621600	1.246000
136.621600	1.031000
136.621700	1.202000
136.621700	0.983000
136.621700	1.056000
136.621700	1.116000
136.621800	0.956000
136.621800	1.444000
136.621800	1.013000
136.621900	1.413000
136.621900	1.213000
136.622000	1.069000
136.622000	0.707000
136.622100	0.857000
136.622200	0.937000
136.622200	1.439000
136.622200	0.865000
136.622300	0.696000
136.622300	1.385000
136.622300	1.286000
136.622400	1.465000
136.622400	1.142000
136.622400	1.711000
136.622500	1.013000
136.622500	1.282000
136.622500	0.713000
136.622600	1.248000
136.622600	1.636000
136.622600	2.195000
136.622600	1.785000
136.622600	1.434000
136.622600	1.559000
136.622700	1.671000
136.622700	1.604000
136.622700	0.955000
136.622700	1.541000
136.622700	1.108000
136.622800	1.513000
136.622800	1.235000
136.622800	1.139000
136.622800	0.819000
136.622900	0.948000
136.622900	0.998000
136.622900	0.860000
136.623000	1.308000
136.623000	1.300000
136.623100	1.236000
136.623200	1.084000
136.623200	0.965000
136.623200	1.720000
136.623300	1.106000
136.623300	1.449000
136.623300	1.075000
136.623400	1.309000
136.623400	0.932000
136.623400	1.619000
136.623400	1.077000
136.623500	0.887000
136.623500	0.795000
136.623600	1.196000
136.623600	0.979000
136.623700	0.960000
136.623800	1.379000
136.623800	1.094000
136.623900	1.070000
136.623900	1.564000
136.624000	1.622000
136.624100	1.295000
136.624100	1.116000
136.624100	1.232000
136.624200	1.689000
136.624200	1.483000
136.624300	1.351000
136.624400	1.522000
136.624400	1.157000
136.624500	1.476000
136.624500	0.662000
136.624600	0.930000
136.624600	1.062000
136.624600	1.503000
136.624800	1.042000
136.624900	1.217000
136.624900	1.499000
136.624900	0.958000
136.625000	1.040000
136.625100	0.650000
136.625100	1.057000
136.625100	2.514000
136.625100	1.412000
136.625100	1.193000
136.625100	1.086000
136.625100	1.156000
136.625200	1.131000
136.625200	1.203000
136.625200	1.090000
136.625200	2.115000
136.625200	1.060000
136.625300	1.393000
136.625300	0.937000
136.625300	1.294000
136.625300	0.854000
136.625400	1.375000
136.625400	1.227000
136.625600	1.477000
136.625700	1.150000
136.625700	1.191000
136.625800	1.077000
136.625900	1.156000
136.625900	1.444000
136.625900	2.030000
136.625900	1.359000
136.626000	0.997000
136.626000	1.479000
136.626000	1.319000
136.626100	1.139000
136.626200	0.886000
136.626200	1.072000
136.626200	1.135000
136.626200	1.539000
136.626300	1.196000
136.626400	1.403000
136.626400	0.779000
136.626500	1.193000
136.626500	0.898000
136.626500	1.155000
136.626600	1.295000
136.626600	1.123000
136.626700	1.004000
136.626800	1.081000
136.626900	1.473000
136.626900	1.076000
136.627000	0.756000
136.627100	0.929000
136.627200	0.981000
136.627300	1.347000
136.627300	1.011000
136.627300	1.517000
136.627300	0.992000
136.627400	1.481000
136.627500	0.928000
136.627500	1.347000
136.627600	2.153000
136.627600	1.474000
136.627600	1.295000
136.627700	1.613000
136.627700	1.795000
136.627700	1.063000
136.627800	1.224000
136.627900	1.075000
136.627900	2.025000
136.627900	1.543000
136.628000	1.383000
136.628100	1.707000
136.628100	1.193000
136.628100	1.703000
136.628200	1.198000
136.628200	1.262000
136.628300	0.940000
136.628400	1.103000
136.628400	0.956000
136.628500	1.156000
136.628600	1.695000
136.628800	2.555000
136.628800	1.059000
136.628800	1.163000
136.628800	1.423000
136.628800	1.681000
136.628900	1.286000
136.628900	1.241000
136.629100	0.834000
136.629100	1.282000
136.629200	1.099000
136.629200	0.776000
136.629200	1.664000
136.629300	1.724000
136.629300	1.112000
136.629400	1.476000
136.629400	1.360000
136.629400	1.365000
136.629400	1.228000
136.629500	1.590000
136.629600	1.271000
136.629600	1.477000
136.629600	1.884000
136.629700	1.212000
136.629900	1.469000
136.629900	1.112000
136.629900	1.225000
136.630000	1.059000
136.630000	1.730000
136.630000	2.391000
136.630100	1.707000
136.630100	1.196000
136.630200	1.208000
136.630300	1.424000
136.630300	1.340000
136.630300	1.822000
136.630400	1.088000
136.630400	1.562000
136.630500	1.157000
136.630500	1.001000
136.630500	2.073000
136.630600	1.598000
136.630800	1.818000
136.630900	1.425000
136.630900	1.648000
136.630900	1.503000
136.630900	1.362000
136.631000	1.097000
136.631000	1.155000
136.631100	1.808000
136.631100	1.331000
136.631300	1.002000
136.631400	1.452000
136.631400	1.208000
136.631400	2.096000
136.631500	1.810000
136.631600	1.323000
136.631600	1.544000
136.631700	1.471000
136.631700	1.140000
136.631700	1.331000
136.631800	1.678000
136.631800	1.174000
136.631900	1.692000
136.632000	1.125000
136.632100	1.080000
136.632100	1.579000
136.632200	1.228000
136.632200	1.124000
136.632300	1.633000
136.632400	1.296000
136.632400	1.283000
136.632500	1.407000
136.632600	1.470000
136.632600	1.531000
136.632600	1.487000
136.632600	0.816000
136.632700	1.880000
136.632700	1.164000
136.632800	1.430000
136.632900	1.958000
136.633000	1.563000
136.633100	1.186000
136.633100	1.238000
136.633100	1.323000
136.633100	1.717000
136.633200	1.276000
136.633200	0.975000
136.633200	1.051000
136.633300	1.499000
136.633400	1.900000
136.633400	1.761000
136.633500	1.118000
136.633600	1.246000
136.633600	1.502000
136.633600	1.037000
136.633800	1.658000
136.633800	1.682000
136.633900	1.012000
136.633900	1.431000
136.634000	1.248000
136.634000	1.194000
136.634000	2.146000
136.634100	1.380000
136.634200	1.781000
136.634200	1.312000
136.634200	1.742000
136.634300	1.586000
136.634300	1.663000
136.634300	1.320000
136.634400	1.328000
136.634500	1.412000
136.634500	1.631000
136.634600	1.970000
136.634600	1.442000
136.634600	1.145000
136.634700	1.411000
136.634700	1.113000
136.634800	1.131000
136.634900	1.572000
136.634900	1.021000
136.635000	1.985000
136.635000	1.296000
136.635200	1.443000
136.635200	1.285000
136.635300	2.046000
136.635300	1.258000
136.635300	1.422000
136.635400	1.375000
136.635400	1.101000
136.635500	1.704000
136.635600	1.178000
136.635700	1.581000
136.635800	1.634000
136.635800	1.884000
136.635900	1.087000
136.636000	1.951000
136.636000	1.457000
136.636000	1.497000
136.636100	1.898000
136.636100	1.915000
136.636200	1.697000
136.636200	2.410000
136.636300	2.037000
136.636300	2.078000
136.636400	1.078000
136.636500	1.642000
136.636700	1.489000
136.636700	1.743000
136.636800	1.499000
136.636800	1.576000
136.636900	2.145000
136.637000	1.687000
136.637000	1.571000
136.637100	1.316000
136.637100	1.171000
136.637100	1.542000
136.637200	1.143000
136.637300	1.319000
136.637600	1.552000
136.637700	1.786000
136.637800	1.838000
136.637800	1.232000
136.637900	2.031000
136.637900	1.282000
136.638000	2.063000
136.638000	1.479000
136.638300	1.480000
136.638400	1.618000
136.638500	2.109000
136.638500	1.397000
136.638600	1.142000
136.638600	1.674000
136.638600	1.872000
136.638600	2.235000
136.638800	1.331000
136.638800	2.009000
136.638900	1.839000
136.639100	1.519000
136.639200	1.186000
136.639300	1.321000
136.639500	1.335000
136.639600	2.039000
136.639700	2.647000
136.639800	1.186000
136.640000	1.711000
136.640100	1.582000
136.640100	1.656000
136.640600	2.158000
136.640700	1.667000
136.640700	1.703000
136.640700	2.255000
136.640800	1.168000
136.640900	1.534000
136.641000	1.918000
136.641000	1.993000
136.641100	2.046000
136.641100	2.734000
136.641200	2.767000
136.641300	1.760000
136.641400	3.052000
136.641400	1.363000
136.641500	2.481000
136.641500	1.813000
136.641600	2.214000
136.641700	3.035000
136.641800	2.788000
136.641900	3.132000
136.641900	2.507000
136.641900	3.075000
136.642000	3.070000
136.642000	3.316000
136.642100	3.147000
136.642100	2.657000
136.642200	3.144000
136.642200	3.182000
136.642200	3.108000
136.642400	3.222000
136.642500	3.286000
136.642500	3.464000
136.642600	3.388000
136.642600	3.504000
136.642700	3.707000
136.642800	3.677000
136.642800	3.874000
136.643000	0.339000
136.643000	3.934000
136.643200	0.566000
136.643200	4.088000
136.643300	0.421000
136.643300	4.351000
136.643500	0.824000
136.643500	4.663000
136.643600	1.087000
136.643700	1.349000
136.643700	5.015000
136.643900	1.611000
136.644000	2.812000
136.644100	5.270000
136.644100	1.962000
136.644200	4.537000
136.644200	3.924000
136.644300	3.647000
136.644300	3.558000
136.644400	3.313000
136.644400	3.193000
136.644500	3.185000
136.644500	3.119000
136.644500	3.176000
136.644600	3.183000
136.644700	3.048000
136.644700	2.990000
136.645100	2.747000
136.645200	2.789000
136.645200	3.048000
136.645200	2.900000
136.645300	2.846000
136.645300	2.120000
136.645300	1.837000
136.645400	2.977000
136.645500	2.342000
136.645500	2.309000
136.645600	1.671000
136.645700	2.394000
136.645700	1.652000
136.645800	1.896000
136.645800	2.197000
136.645900	2.032000
136.645900	2.698000
136.645900	2.379000
136.646000	1.388000
136.646000	1.371000
136.646000	2.024000
136.646100	1.461000
136.646100	2.101000
136.646200	1.341000
136.646200	2.095000
136.646200	1.505000
136.646300	2.653000
136.646400	1.851000
136.646600	1.549000
136.646600	1.722000
136.646700	1.423000
136.646800	1.242000
136.646800	1.280000
136.646800	2.468000
136.646800	1.419000
136.646900	2.071000
136.647000	1.920000
136.647200	1.245000
136.647200	1.858000
136.647400	1.600000
136.647500	1.779000
136.647500	1.252000
136.647600	1.350000
136.647700	1.215000
136.647700	1.427000
136.647900	1.519000
136.647900	1.493000
136.647900	1.605000
136.648000	1.240000
136.648000	1.447000
136.648200	1.944000
136.648300	1.193000
136.648300	1.619000
136.648300	1.324000
136.648400	1.297000
136.648400	2.107000
136.648600	1.356000
136.648700	1.359000
136.648800	1.521000
136.648800	2.225000
136.648800	1.359000
136.648900	1.547000
136.648900	1.421000
136.649100	2.023000
136.649100	1.348000
136.649200	1.194000
136.649200	0.937000
136.649300	1.117000
136.649300	1.799000
136.649400	1.183000
136.649400	2.191000
136.649600	1.588000
136.649600	1.696000
136.649700	1.010000
136.649700	1.192000
136.649700	1.044000
136.649700	1.218000
136.649700	1.656000
136.649800	1.006000
136.649900	0.925000
136.649900	1.363000
136.650000	0.901000
136.650100	1.199000
136.650100	1.152000
136.650100	1.120000
136.650200	2.149000
136.650200	1.300000
136.650200	1.371000
136.650200	1.346000
136.650400	1.082000
136.650400	1.224000
136.650500	1.053000
136.650600	1.134000
136.650600	1.153000
136.650700	1.375000
136.650700	1.335000
136.650700	1.076000
136.650800	1.151000
136.650800	1.362000
136.650900	1.338000
136.650900	1.228000
136.651000	1.772000
136.651000	1.175000
136.651100	1.399000
136.651200	1.423000
136.651200	1.342000
136.651300	1.128000
136.651400	1.408000
136.651400	0.969000
136.651400	1.802000
136.651500	1.507000
136.651500	1.200000
136.651700	1.541000
136.651700	1.126000
136.651800	1.097000
136.651800	1.349000
136.651800	1.490000
136.651900	1.300000
136.651900	1.793000
136.651900	1.328000
136.652100	1.203000
136.652200	1.736000
136.652200	1.178000
136.652200	1.241000
136.652400	1.904000
136.652400	1.351000
136.652400	1.903000
136.652400	1.082000
136.652500	1.272000
136.652500	1.113000
136.652600	1.114000
136.652600	1.078000
136.652700	0.996000
136.653000	1.140000
136.653000	1.178000
136.653100	1.679000
136.653100	1.250000
136.653100	1.096000
136.653200	1.216000
136.653200	1.246000
136.653300	1.502000
136.653300	1.236000
136.653300	0.909000
136.653300	1.130000
136.653400	1.172000
136.653500	1.099000
136.653500	1.255000
136.653500	1.050000
136.653500	1.201000
136.653600	0.978000
136.653600	1.236000
136.654000	1.214000
136.654100	1.628000
136.654200	1.442000
136.654300	1.201000
136.654300	1.031000
136.654300	1.450000
136.654500	1.657000
136.654500	1.166000
136.654600	0.668000
136.654600	1.067000
136.654700	1.149000
136.654700	0.840000
136.654700	1.638000
136.654800	1.476000
136.654900	1.385000
136.655200	1.295000
136.655200	2.284000
136.655300	1.355000
136.655400	1.006000
136.655500	1.192000
136.655600	1.341000
136.655600	1.448000
136.655600	1.332000
136.655700	1.359000
136.655800	1.169000
136.655800	1.588000
136.655900	1.102000
136.655900	1.162000
136.656000	1.001000
136.656000	1.351000
136.656100	1.420000
136.656100	1.252000
136.656200	1.958000
136.656200	1.786000
136.656300	1.287000
136.656400	1.268000
136.656500	1.332000
136.656600	1.113000
136.656700	1.103000
136.656700	1.154000
136.656900	1.181000
136.656900	1.143000
136.657000	1.967000
136.657000	1.056000
136.657000	1.004000
136.657100	1.226000
136.657100	1.155000
136.657200	1.104000
136.657200	1.510000
136.657200	1.348000
136.657400	1.477000
136.657400	1.014000
136.657400	1.342000
136.657500	1.877000
136.657500	1.137000
136.657700	1.411000
136.657700	0.933000
136.657700	1.467000
136.657800	2.103000
136.657800	0.921000
136.657800	1.424000
136.657900	1.599000
136.658100	1.449000
136.658100	1.106000
136.658200	2.117000
136.658300	1.616000
136.658300	0.984000
136.658300	1.240000
136.658400	1.260000
136.658500	1.254000
136.658500	1.371000
136.658600	1.133000
136.658600	1.486000
136.658700	1.337000
136.658800	1.288000
136.658800	1.275000
136.658900	1.162000
136.658900	1.161000
136.659000	2.034000
136.659000	1.091000
136.659100	1.650000
136.659200	1.303000
136.659300	1.453000
136.659300	1.144000
136.659300	0.910000
136.659400	1.716000
136.659400	1.495000
136.659500	1.732000
136.659500	0.926000
136.659500	1.468000
136.659500	1.192000
136.659600	2.054000
136.659600	1.301000
136.659600	1.234000
136.659600	1.438000
136.659700	1.072000
136.659700	1.625000
136.659800	1.863000
136.659800	2.210000
136.659800	1.385000
136.659800	0.974000
136.659900	1.254000
136.659900	1.379000
136.659900	1.479000
136.659900	1.689000
136.660000	1.402000
136.660000	1.453000
136.660000	1.524000
136.660000	1.172000
136.660200	1.281000
136.660200	0.997000
136.660300	0.993000
136.660300	1.265000
136.660300	1.382000
136.660400	1.620000
136.660400	1.999000
136.660500	1.633000
136.660500	1.299000
136.660500	1.187000
136.660500	1.546000
136.660600	1.062000
136.660600	1.502000
136.660600	1.384000
136.660700	1.039000
136.660700	1.655000
136.660700	1.401000
136.660700	1.489000
136.660800	1.720000
136.660800	1.150000
136.660800	1.814000
136.660800	1.066000
136.660800	1.451000
136.661000	1.006000
136.661000	1.525000
136.661100	1.030000
136.661100	2.514000
136.661100	1.047000
136.661200	1.537000
136.661300	1.211000
136.661300	1.158000
136.661300	1.482000
136.661300	1.231000
136.661400	1.793000
136.661400	1.364000
136.661400	1.306000
136.661500	1.584000
136.661500	0.977000
136.661500	0.939000
136.661600	1.561000
136.661600	1.440000
136.661600	1.600000
136.661700	2.085000
136.661800	1.558000
136.661800	1.330000
136.661800	1.056000
136.661800	2.313000
136.661900	1.113000
136.661900	0.817000
136.662000	1.222000
136.662000	0.845000
136.662000	1.176000
136.662100	1.135000
136.662200	1.384000
136.662200	1.923000
136.662300	2.020000
136.662300	1.294000
136.662300	1.974000
136.662300	2.144000
136.662400	1.147000
136.662400	1.297000
136.662500	1.008000
136.662500	1.091000
136.662500	2.046000
136.662500	1.190000
136.662500	1.245000
136.662600	1.626000
136.662600	1.053000
136.662700	1.268000
136.662700	1.249000
136.662800	1.064000
136.662800	1.622000
136.662800	2.152000
136.662900	1.430000
136.662900	1.211000
136.662900	1.154000
136.663000	0.904000
136.663000	1.762000
136.663100	1.258000
136.663100	1.739000
136.663100	1.412000
136.663200	0.926000
136.663200	0.799000
136.663300	1.585000
136.663400	1.044000
136.663400	1.517000
136.663400	1.184000
136.663500	1.077000
136.663500	0.993000
136.663600	1.354000
136.663600	1.078000
136.663600	2.061000
136.663700	1.190000
136.663700	1.307000
136.663700	1.371000
136.663700	1.062000
136.663800	1.183000
136.663800	1.021000
136.663800	1.205000
136.663800	1.031000
136.663900	1.123000
136.663900	1.132000
136.663900	1.039000
136.664000	1.357000
136.664000	1.133000
136.664000	1.381000
136.664100	1.011000
136.664200	1.139000
136.664200	1.419000
136.664200	1.117000
136.664300	1.084000
136.664300	2.087000
136.664300	1.222000
136.664400	1.494000
136.664400	1.263000
136.664400	1.128000
136.664400	0.865000
136.664500	1.263000
136.664500	1.092000
136.664500	1.608000
136.664600	1.098000
136.664600	1.232000
136.664600	1.368000
136.664600	1.089000
136.664600	1.191000
136.664600	1.208000
136.664700	1.266000
136.664700	1.147000
136.664700	1.225000
136.664800	1.539000
136.664800	1.359000
136.664900	1.698000
136.665000	1.334000
136.665000	1.216000
136.665100	1.124000
136.665200	1.538000
136.665200	1.615000
136.665200	1.443000
136.665300	1.846000
136.665400	1.029000
136.665400	2.044000
136.665400	1.417000
136.665400	1.103000
136.665500	1.408000
136.665500	1.380000
136.665500	1.479000
136.665600	1.369000
136.665600	1.007000
136.665600	1.229000
136.665700	1.866000
136.665700	1.438000
136.665700	0.972000
136.665800	1.123000
136.665800	1.123000
136.666000	1.638000
136.666000	1.706000
136.666100	1.948000
136.666100	1.388000
136.666100	1.404000
136.666200	1.135000
136.666300	1.413000
136.666300	1.783000
136.666400	1.609000
136.666500	1.250000
136.666500	0.969000
136.666600	1.341000
136.666600	1.374000
136.666700	1.541000
136.666800	1.193000
136.666900	0.944000
136.666900	1.472000
136.666900	2.251000
136.667000	1.473000
136.667000	1.065000
136.667100	1.020000
136.667200	1.680000
136.667200	1.654000
136.667200	1.545000
136.667300	1.095000
136.667300	0.987000
136.667400	1.683000
136.667400	1.264000
136.667500	2.152000
136.667600	1.407000
136.667800	1.226000
136.667900	1.168000
136.667900	1.340000
136.668000	1.888000
136.668000	1.071000
136.668100	1.679000
136.668100	0.963000
136.668200	1.114000
136.668200	0.987000
136.668300	1.525000
136.668300	1.254000
136.668300	1.502000
136.668400	1.641000
136.668400	1.719000
136.668500	1.173000
136.668600	1.589000
136.668600	1.255000
136.668700	1.221000
136.668700	0.885000
136.668800	1.084000
136.668800	1.188000
136.668900	1.587000
136.668900	0.840000
136.669200	1.100000
136.669200	1.264000
136.669300	1.334000
136.669300	1.342000
136.669500	1.937000
136.669500	1.255000
136.669600	1.121000
136.669700	1.294000
136.669700	1.111000
136.669900	1.319000
136.670000	1.078000
136.670100	0.797000
136.670100	1.272000
136.670200	1.182000
136.670300	2.478000
136.670300	0.988000
136.670300	1.195000
136.670400	1.140000
136.670500	1.209000
136.670500	1.450000
136.670500	1.174000
136.670600	1.350000
136.670600	1.287000
136.670600	1.183000
136.670800	1.502000
136.670900	2.094000
136.671000	1.599000
136.671000	1.000000
136.671100	1.004000
136.671200	1.139000
136.671400	2.445000
136.671500	1.735000
136.671500	1.310000
136.671500	1.137000
136.671600	2.130000
136.671600	1.077000
136.671700	1.381000
136.671700	1.009000
136.671700	1.223000
136.671800	1.111000
136.671800	0.979000
136.671900	1.572000
136.672100	1.798000
136.672100	1.210000
136.672100	1.413000
136.672200	1.053000
136.672200	1.540000
136.672500	1.104000
136.672600	1.149000
136.672700	1.362000
136.672700	1.722000
136.673100	1.214000
136.673100	1.259000
136.673100	1.405000
136.673200	1.282000
136.673200	1.593000
136.673200	1.248000
136.673300	1.072000
136.673300	1.223000
136.673500	1.413000
136.673500	1.267000
136.673900	1.934000
136.674300	1.059000
136.674300	0.950000
136.674400	1.610000
136.674500	1.643000
136.674500	1.174000
136.674600	1.376000
136.674600	1.527000
136.674800	1.206000
136.674900	2.203000
136.674900	0.943000
136.674900	1.073000
136.675100	1.333000
136.675200	1.079000
136.675300	1.093000
136.675300	1.326000
136.675400	1.360000
136.675600	1.685000
136.675600	1.411000
136.675700	1.254000
136.675800	1.070000
136.675800	1.210000
136.675800	1.282000
136.675900	0.911000
136.675900	1.421000
136.675900	1.176000
136.675900	1.464000
136.676100	1.251000
136.676300	1.220000
136.676300	2.008000
136.676400	1.463000
136.676600	1.720000
136.676700	1.594000
136.676800	1.548000
136.676900	1.416000
136.676900	1.098000
136.677100	1.122000
136.677200	1.588000
136.677200	1.070000
136.677400	1.258000
136.677500	1.391000
136.677500	1.280000
136.677600	1.211000
136.677600	0.984000
136.677800	1.696000
136.678200	1.382000
136.678200	1.178000
136.678600	1.224000
136.678700	1.359000
136.678800	1.288000
136.678800	0.989000
136.679000	1.687000
136.679000	1.120000
136.679000	1.304000
136.679000	1.089000
136.679100	1.157000
136.679100	1.255000
136.679300	1.365000
136.679400	1.111000
136.679400	1.932000
136.679700	1.011000
136.679800	1.233000
136.679900	1.227000
136.680000	1.454000
136.680000	1.628000
136.680100	1.636000
136.680100	1.201000
136.680100	1.263000
136.680300	1.002000
136.680400	2.170000
136.680500	1.664000
136.680500	1.410000
136.680500	1.520000
136.680700	0.938000
136.680800	1.085000
136.680800	0.942000
136.680900	1.226000
136.681000	1.064000
136.681000	1.492000
136.681000	1.480000
136.681100	0.973000
136.681100	1.161000
136.681100	2.010000
136.681200	1.843000
136.681200	1.097000
136.681200	1.149000
136.681400	1.556000
136.681400	2.314000
136.681500	1.456000
136.681700	1.245000
136.681700	1.690000
136.682000	1.941000
136.682000	1.200000
136.682100	1.523000
136.682200	1.278000
136.682200	1.409000
136.682200	1.068000
136.682400	1.032000
136.682700	1.662000
136.682900	1.139000
136.683000	1.614000
136.683000	1.180000
136.683100	1.598000
136.683100	1.192000
136.683300	1.599000
136.683400	1.149000
136.683500	1.194000
136.683600	1.317000
136.683800	1.213000
136.684000	1.098000
136.684100	1.226000
136.684500	0.903000
136.684700	1.224000
136.684800	1.784000
136.684800	1.060000
136.684800	1.148000
136.685100	1.244000
136.685200	1.218000
136.685300	1.589000
136.685400	1.744000
136.685500	1.379000
136.685500	1.974000
136.685800	1.206000
136.685800	1.038000
136.686000	1.460000
136.686000	1.501000
136.686100	1.284000
136.686100	1.286000
136.686100	1.729000
136.686200	1.175000
136.686400	0.920000
136.686400	1.140000
136.686500	1.165000
136.686600	1.324000
136.686600	1.250000
136.686700	1.184000
136.686700	1.491000
136.686700	1.453000
136.686800	1.475000
136.686900	1.360000
136.687000	1.277000
136.687100	1.004000
136.687200	0.936000
136.687300	1.215000
136.687400	1.487000
136.687600	1.558000
136.687600	0.857000
136.687700	1.090000
136.687900	2.412000
136.688200	1.035000
136.688200	1.062000
136.688600	2.082000
136.688600	1.309000
136.688700	1.249000
136.688800	0.916000
136.688900	1.805000
136.689100	0.998000
136.689100	1.059000
136.689100	1.247000
136.689200	1.860000
136.689500	1.594000
136.689700	1.596000
136.689700	1.384000
136.689800	1.413000
136.689800	1.280000
136.689900	1.606000
136.690200	1.057000
136.690200	1.562000
136.690200	0.973000
136.690200	1.035000
136.690200	1.273000
136.690300	1.657000
136.690400	1.245000
136.690400	1.165000
136.690400	1.194000
136.690500	1.280000
136.690500	1.225000
136.690600	1.252000
136.690600	2.352000
136.690800	1.370000
136.690900	1.427000
136.690900	1.977000
136.691000	1.486000
136.691100	1.136000
136.691200	1.044000
136.691300	1.262000
136.691300	1.346000
136.691400	1.097000
136.691600	1.629000
136.691700	1.286000
136.691700	1.054000
136.691700	1.306000
136.691900	0.953000
136.691900	1.055000
136.692000	1.194000
136.692000	0.926000
136.692000	1.120000
136.692100	1.276000
136.692200	1.054000
136.692200	1.215000
136.692300	1.512000
136.692300	2.228000
136.692300	1.232000
136.692400	0.913000
136.692400	1.880000
136.692500	1.669000
136.692600	1.071000
136.692600	0.967000
136.692700	1.036000
136.692700	1.157000
136.692800	2.454000
136.693000	0.932000
136.693000	0.818000
136.693100	1.105000
136.693100	1.508000
136.693200	1.191000
136.693400	1.301000
136.693400	1.633000
136.693500	1.191000
136.693600	2.313000
136.693600	1.202000
136.693600	1.564000
136.693600	1.110000
136.693700	1.096000
136.693800	1.217000
136.693900	1.185000
136.694000	1.189000
136.694100	1.361000
136.694100	1.621000
136.694200	1.198000
136.694300	1.093000
136.694400	0.900000
136.694500	1.533000
136.694600	1.130000
136.694700	1.094000
136.694700	1.115000
136.695000	2.261000
136.695100	1.696000
136.695500	1.761000
136.695500	2.705000
136.695600	1.369000
136.695800	1.110000
136.696000	1.346000
136.696000	1.236000
136.696100	1.814000
136.696200	0.998000
136.696500	1.012000
136.696500	1.372000
136.696500	1.228000
136.696800	1.201000
136.696900	0.954000
136.697200	1.277000
136.697400	1.041000
136.697600	1.181000
136.697700	1.087000
136.697800	1.434000
136.697800	1.055000
136.698100	1.379000
136.698100	1.164000
136.698200	0.903000
136.698200	1.125000
136.698300	1.163000
136.698400	1.181000
136.698500	2.370000
136.698700	1.056000
136.698800	1.662000
136.698900	1.225000
136.698900	1.532000
136.699000	1.018000
136.699100	1.100000
136.699200	1.001000
136.699500	1.390000
136.699500	0.959000
136.699600	0.938000
136.700100	1.453000
136.700100	1.117000
136.700200	1.348000
136.700400	1.114000
136.700500	1.306000
136.700500	1.140000
136.700600	1.402000
136.700700	1.346000
136.700800	1.353000
136.700800	1.185000
136.701000	1.361000
136.701000	0.811000
136.701100	1.722000
136.701100	1.228000
136.701300	1.753000
136.701400	1.756000
136.701400	1.028000
136.701500	1.149000
136.701500	1.803000
136.702000	2.877000
136.702300	1.067000
136.702300	1.085000
136.702700	1.589000
136.702800	2.367000
136.703100	1.856000
136.703100	1.256000
136.703100	1.331000
136.703200	1.107000
136.703300	1.612000
136.703400	1.341000
136.703400	1.570000
136.703600	1.218000
136.703600	0.860000
136.703800	1.167000
136.703900	2.500000
136.704000	1.574000
136.704000	1.345000
136.704100	1.222000
136.704100	1.530000
136.704300	1.098000
136.704500	2.014000
136.704500	0.878000
136.704600	1.962000
136.704900	1.460000
136.705000	1.154000
136.705000	1.836000
136.705300	1.074000
136.705300	1.168000
136.705400	0.939000
136.705500	1.998000
136.705500	0.996000
136.705600	1.213000
136.705600	1.040000
136.705700	2.337000
136.705800	1.158000
136.706100	1.601000
136.706200	0.924000
136.706200	1.129000
136.706300	0.814000
136.706400	1.262000
136.706400	1.082000
136.706400	1.091000
136.706800	1.270000
136.706900	1.630000
136.707000	1.172000
136.707100	1.235000
136.707100	1.337000
136.707100	1.152000
136.707200	1.402000
136.707200	0.912000
136.707200	1.480000
136.707400	1.030000
136.707500	1.397000
136.707800	1.274000
136.707900	1.473000
136.708000	1.742000
136.708100	1.357000
136.708100	2.755000
136.708700	1.596000
136.708800	1.839000
136.708800	1.370000
136.709000	1.347000
136.709100	0.926000
136.709200	2.224000
136.709200	1.757000
136.709400	1.965000
136.709400	1.449000
136.709600	1.126000
136.709600	1.452000
136.709700	1.167000
136.709800	1.384000
136.709900	1.363000
136.709900	0.939000
136.709900	1.857000
136.710100	1.054000
136.710300	1.206000
136.710500	1.413000
136.710500	1.330000
136.710500	1.312000
136.710600	0.930000
136.710700	1.287000
136.710800	2.508000
136.710800	0.913000
136.710800	1.867000
136.710900	2.132000
136.711200	1.072000
136.711400	1.463000
136.711500	1.212000
136.711500	1.146000
136.711500	1.055000
136.711600	1.089000
136.711800	1.099000
136.711800	1.226000
136.712000	1.055000
136.712100	1.114000
136.712100	0.777000
136.712300	1.835000
136.712300	1.317000
136.712400	1.182000
136.712500	1.046000
136.712600	0.811000
136.712600	1.327000
136.713200	1.104000
136.713200	1.545000
136.713300	1.071000
136.713700	1.315000
136.713700	1.049000
136.713800	1.658000
136.713900	1.153000
136.714000	0.902000
136.714200	1.395000
136.714300	1.382000
136.714300	1.424000
136.714700	1.251000
136.715200	0.734000
136.715200	1.484000
136.715400	1.039000
136.715500	1.561000
136.715500	1.046000
136.715900	1.408000
136.716200	0.930000
136.716300	1.643000
136.716400	1.599000
136.716400	1.322000
136.716500	0.968000
136.716600	1.116000
136.716700	1.150000
136.716700	1.817000
136.716800	1.002000
136.716900	1.394000
136.717100	1.019000
136.717200	1.407000
136.717300	1.287000
136.717300	2.814000
136.717400	1.377000
136.717700	1.434000
136.717900	2.041000
136.717900	1.166000
136.717900	1.162000
136.717900	1.726000
136.718300	1.159000
136.718500	0.996000
136.718600	1.083000
136.718800	1.355000
136.718800	1.274000
136.719100	1.523000
136.719200	1.240000
136.719400	1.383000
136.719400	1.115000
136.719500	0.955000
136.719700	1.432000
136.719800	1.134000
136.720000	1.559000
136.720100	1.199000
136.720500	1.359000
136.720600	1.608000
136.720600	1.456000
136.720700	1.075000
136.721100	1.546000
136.721100	1.142000
136.721100	1.644000
136.721200	1.288000
136.721200	1.346000
136.721800	1.360000
136.721900	1.283000
136.722000	1.696000
136.722100	0.904000
136.722200	1.184000
136.722300	1.364000
136.722400	1.167000
136.722400	0.956000
136.722700	1.634000
136.723100	0.915000
136.723100	1.435000
136.723200	0.704000
136.723200	1.003000
136.723200	1.138000
136.723500	1.771000
136.723600	1.546000
136.723700	1.343000
136.723700	1.169000
136.723800	1.112000
136.723900	1.450000
136.723900	1.378000
136.724000	1.308000
136.724100	1.498000
136.724100	1.762000
136.724200	0.924000
136.724300	1.551000
136.724300	1.316000
136.724400	1.380000
136.724400	1.061000
136.724500	1.064000
136.724700	0.880000
136.724800	0.776000
136.725000	1.206000
136.725000	2.259000
136.725100	1.064000
136.725300	1.614000
136.725400	1.687000
136.725500	1.391000
136.725600	1.046000
136.725700	1.211000
136.725900	1.046000
136.726500	1.534000
136.726600	0.885000
136.726700	1.398000
136.726900	1.206000
136.727000	1.258000
136.727100	1.446000
136.727200	1.297000
136.727300	1.395000
136.727600	1.450000
136.727800	1.709000
136.728000	1.582000
136.728100	2.103000
136.728500	0.845000
136.728800	1.199000
136.729000	1.129000
136.729000	0.926000
136.729500	0.889000
136.729700	0.920000
136.730100	2.137000
136.730300	1.239000
136.730400	1.220000
136.730500	1.163000
136.730700	1.227000
136.730800	0.848000
136.730900	0.911000
136.731000	1.458000
136.731100	1.258000
136.731100	2.908000
136.731200	0.930000
136.731400	1.160000
136.731400	1.222000
136.731500	1.179000
136.731700	1.134000
136.731700	1.264000
136.731800	1.063000
136.732400	0.754000
136.732600	2.359000
136.732900	1.341000
136.733100	1.262000
136.733100	1.509000
136.733100	1.011000
136.733300	1.186000
136.733300	1.381000
136.733500	1.721000
136.733800	1.730000
136.734100	1.305000
136.734100	0.847000
136.734200	1.046000
136.734300	1.356000
136.734600	1.134000
136.735100	1.438000
136.735300	1.199000
136.735400	1.500000
136.735600	1.300000
136.735700	1.652000
136.735700	1.159000
136.735700	1.206000
136.735800	1.387000
136.735900	1.021000
136.736000	1.204000
136.736100	1.572000
136.736100	1.254000
136.736200	1.079000
136.736400	1.121000
136.736400	1.168000
136.736600	0.952000
136.736600	0.742000
136.736700	0.889000
136.737100	1.285000
136.737100	1.240000
136.737100	1.371000
136.737300	1.129000
136.737500	1.224000
136.737600	1.388000
136.737700	1.332000
136.737700	1.422000
136.737800	1.200000
136.737800	1.779000
136.737900	1.077000
136.737900	1.516000
136.738000	1.090000
136.738000	0.942000
136.738000	1.000000
136.738100	0.959000
136.738100	1.562000
136.738100	0.891000
136.738200	1.179000
136.738200	1.112000
136.738300	1.145000
136.738400	1.157000
136.738500	1.358000
136.738600	0.885000
136.738700	1.014000
136.738700	0.865000
136.738800	1.024000
136.738800	0.989000
136.738900	1.363000
136.739000	1.185000
136.739000	1.226000
136.739100	1.386000
136.739100	1.510000
136.739200	1.263000
136.739200	1.051000
136.739300	1.397000
136.739300	1.434000
136.739300	2.033000
136.739500	1.934000
136.739600	0.987000
136.739700	0.981000
136.739800	1.448000
136.739800	1.110000
136.739800	1.009000
136.739900	1.685000
136.740000	1.133000
136.740100	1.415000
136.740100	1.007000
136.740100	0.997000
136.740200	1.303000
136.740200	1.324000
136.740400	0.983000
136.740600	1.116000
136.740700	1.186000
136.740700	1.165000
136.740800	1.220000
136.740900	1.548000
136.741000	1.405000
136.741000	1.347000
136.741100	0.975000
136.741200	1.035000
136.741200	1.228000
136.741200	0.982000
136.741300	1.195000
136.741300	1.051000
136.741300	1.042000
136.741300	1.124000
136.741600	1.083000
136.741700	1.077000
136.741700	1.471000
136.741700	1.875000
136.741800	1.436000
136.741900	1.033000
136.742000	2.166000
136.742100	1.531000
136.742100	1.044000
136.742300	1.098000
136.742400	1.159000
136.742600	1.229000
136.742600	2.111000
136.742600	0.954000
136.742600	1.203000
136.742700	1.144000
136.743000	1.335000
136.743200	1.347000
136.743200	1.059000
136.743200	1.157000
136.743300	1.510000
136.743400	1.181000
136.743500	1.345000
136.743600	2.306000
136.743700	0.896000
136.743700	1.180000
136.743800	1.220000
136.743900	1.549000
136.743900	1.454000
136.744000	1.073000
136.744100	1.159000
136.744100	1.191000
136.744300	1.458000
136.744400	1.861000
136.744500	0.918000
136.744800	1.693000
136.745100	1.162000
136.745300	1.358000
136.745400	1.123000
136.745400	3.057000
136.745500	0.491000
136.745500	1.321000
136.746100	1.387000
136.746200	1.065000
136.746300	1.399000
136.746600	0.891000
136.746600	1.189000
136.746800	1.850000
136.747100	1.128000
136.747100	1.075000
136.747200	1.385000
136.747400	1.797000
136.747500	1.468000
136.747500	1.254000
136.747600	1.203000
136.747800	1.227000
136.747800	1.085000
136.747800	0.873000
136.747900	0.963000
136.748600	1.938000
136.748800	1.596000
136.748800	1.083000
136.748900	1.763000
136.749000	1.631000
136.749400	1.921000
136.749700	1.024000
136.749800	1.202000
136.750000	0.914000
136.750300	1.389000
136.750500	1.179000
136.750700	1.144000
136.750700	1.213000
136.750900	1.253000
136.751000	1.695000
136.751000	1.592000
136.751300	1.403000
136.751400	0.937000
136.751400	0.998000
136.751600	1.204000
136.751800	2.183000
136.751900	1.216000
136.752100	1.987000
136.752200	1.041000
136.752400	1.044000
136.752600	1.629000
136.752700	0.953000
136.752800	1.169000
136.752900	1.219000
136.752900	1.403000
136.753100	1.156000
136.753200	1.384000
136.753300	1.155000
136.753800	1.717000
136.754000	1.703000
136.754100	1.176000
136.754100	1.139000
136.754400	1.910000
136.754700	0.837000
136.754900	1.166000
136.754900	1.053000
136.755000	2.017000
136.755200	1.286000
136.755300	1.019000
136.755400	1.028000
136.755400	1.326000
136.755500	1.302000
136.755600	1.093000
136.755800	1.963000
136.755900	0.954000
136.756300	1.004000
136.756400	0.974000
136.756600	1.179000
136.756900	1.279000
136.756900	0.748000
136.757600	1.249000
136.757900	1.501000
136.758000	1.476000
136.758100	1.144000
136.758100	1.510000
136.758400	1.298000
136.758600	1.452000
136.758600	1.913000
136.759100	1.288000
136.759300	1.426000
136.759400	1.226000
136.759600	1.263000
136.759800	0.933000
136.759900	1.227000
136.760000	1.119000
136.760400	1.840000
136.760400	1.519000
136.760600	0.706000
136.760700	1.042000
136.760700	1.655000
136.760800	1.080000
136.760900	1.139000
136.761200	1.797000
136.761600	1.241000
136.761700	1.514000
136.761700	1.292000
136.761800	1.404000
136.762000	1.613000
136.762200	1.279000
136.762300	1.146000
136.762300	1.219000
136.762400	1.098000
136.762400	1.727000
136.762500	1.515000
136.762600	1.778000
136.762800	1.156000
136.762800	1.582000
136.762900	1.398000
136.763300	1.024000
136.763800	0.742000
136.763900	0.960000
136.763900	1.397000
136.764000	1.202000
136.764000	1.134000
136.764100	1.159000
136.764400	0.983000
136.764400	1.014000
136.764500	1.490000
136.764700	1.463000
136.764700	1.210000
136.764800	0.878000
136.764800	1.031000
136.765200	1.474000
136.765400	1.205000
136.765500	1.071000
136.765600	1.456000
136.765700	1.640000
136.765800	2.156000
136.765800	1.347000
136.766300	1.247000
136.766600	1.174000
136.767100	1.260000
136.767200	1.601000
136.767200	1.153000
136.767600	1.420000
136.767700	1.202000
136.768500	1.159000
136.768600	1.557000
136.768800	0.935000
136.769100	1.192000
136.769400	0.785000
136.769800	1.677000
136.769900	1.340000
136.770000	1.147000
136.770300	0.856000
136.770300	1.256000
136.770700	1.280000
136.771000	1.463000
136.771100	1.226000
136.771100	1.729000
136.771200	1.169000
136.771200	0.811000
136.771300	1.042000
136.771700	1.113000
136.771700	1.935000
136.771800	1.312000
136.772000	1.193000
136.772200	1.160000
136.772300	1.083000
136.772400	1.555000
136.772400	1.509000
136.772700	1.770000
136.772900	1.256000
136.773000	1.346000
136.773100	1.354000
136.773500	1.221000
136.773600	0.701000
136.773700	1.105000
136.773800	1.900000
136.773900	1.730000
136.774000	1.147000
136.774100	1.281000
136.774500	0.986000
136.774700	1.485000
136.774700	2.005000
136.774900	1.101000
136.774900	1.532000
136.775300	1.164000
136.775300	1.596000
136.775400	1.171000
136.775700	1.216000
136.775800	1.036000
136.775800	1.284000
136.776100	1.419000
136.776800	1.042000
136.776900	1.138000
136.777100	1.848000
136.777200	1.221000
136.777600	1.514000
136.777700	1.107000
136.777900	1.329000
136.778100	1.763000
136.778200	1.196000
136.778300	1.352000
136.778500	0.871000
136.778600	1.221000
136.778800	1.390000
136.779100	0.932000
136.779200	1.065000
136.779200	0.892000
136.779300	1.473000
136.779400	0.859000
136.779600	0.707000
136.779800	1.016000
136.780100	0.936000
136.780300	1.314000
136.780400	1.629000
136.780400	1.428000
136.780400	1.526000
136.780500	1.433000
136.780600	1.015000
136.780700	1.598000
136.780900	1.427000
136.781000	1.199000
136.781200	1.051000
136.781400	0.996000
136.781600	1.271000
136.782300	0.984000
136.782300	1.517000
136.782400	1.457000
136.782600	1.341000
136.782800	1.301000
136.782900	1.319000
136.782900	1.285000
136.783000	1.646000
136.783400	1.500000
136.783500	1.177000
136.783600	1.186000
136.784000	1.386000
136.784200	0.837000
136.784200	1.402000
136.784200	1.319000
136.784500	1.194000
136.784800	1.424000
136.784800	1.056000
136.784900	1.520000
136.785100	1.036000
136.785100	1.820000
136.785300	1.373000
136.785300	1.318000
136.785400	1.029000
136.785500	1.088000
136.785500	1.095000
136.785600	1.211000
136.785700	1.281000
136.785800	1.381000
136.786000	1.907000
136.786500	1.530000
136.786900	1.219000
136.787100	1.259000
136.787300	1.269000
136.787700	1.054000
136.787800	1.309000
136.788000	1.316000
136.788000	1.418000
136.788100	1.059000
136.788100	1.305000
136.788700	1.093000
136.788700	1.307000
136.788700	1.267000
136.788800	1.393000
136.788800	0.861000
136.788800	0.992000
136.788900	1.468000
136.789400	1.021000
136.789600	1.298000
136.789700	1.339000
136.789900	1.372000
136.789900	1.029000
136.790000	1.011000
136.790100	0.824000
136.790500	1.293000
136.790700	0.900000
136.790900	1.226000
136.790900	1.440000
136.790900	1.395000
136.791000	1.454000
136.791100	1.871000
136.791400	1.120000
136.791600	1.136000
136.791700	1.074000
136.791800	1.186000
136.791800	1.623000
136.791900	1.198000
136.792100	1.013000
136.792200	1.418000
136.792200	1.357000
136.792200	1.413000
136.792300	1.050000
136.792400	1.872000
136.792400	1.550000
136.792600	1.418000
136.792900	1.418000
136.793000	1.087000
136.793900	1.370000
136.794100	1.262000
136.794300	1.050000
136.794800	1.739000
136.795500	1.166000
136.795500	1.071000
136.795700	1.225000
136.795900	1.296000
136.796100	1.749000
136.796200	1.045000
136.796400	1.136000
136.796800	1.346000
136.797100	0.983000
136.797100	1.004000
136.797200	1.164000
136.797200	1.525000
136.797400	1.366000
136.797600	1.250000
136.797700	1.053000
136.798000	1.141000
136.798100	1.120000
136.798300	1.512000
136.798500	1.712000
136.798600	0.983000
136.798800	1.615000
136.799000	1.453000
136.799100	1.084000
136.799300	1.206000
136.799400	1.364000
136.799400	1.338000
136.799400	0.924000
136.799500	0.977000
136.799500	1.381000
136.799500	1.457000
136.799700	1.266000
136.799800	1.495000
136.799900	1.174000
136.800100	1.742000
136.800300	1.028000
136.800800	1.241000
136.800900	1.190000
136.801000	1.068000
136.801200	1.123000
136.801200	1.642000
136.801500	1.235000
136.801700	0.966000
136.801800	1.306000
136.802000	1.477000
136.802100	1.165000
136.802300	1.167000
136.802300	1.261000
136.802300	1.377000
136.802400	1.577000
136.802500	2.074000
136.802500	1.600000
136.802500	1.328000
136.802600	1.146000
136.802800	1.053000
136.803000	1.564000
136.803100	1.731000
136.803200	1.215000
136.803300	1.267000
136.803300	1.210000
136.803500	1.283000
136.803900	1.113000
136.804300	1.131000
136.804400	1.096000
136.804400	1.344000
136.804600	1.890000
136.804700	0.991000
136.804800	1.102000
136.804900	1.676000
136.805100	0.958000
136.805600	1.127000
136.805800	0.776000
136.806000	1.285000
136.806500	1.230000
136.806800	1.446000
136.806800	1.418000
136.806800	0.887000
136.806900	1.048000
136.807100	0.996000
136.807200	1.601000
136.807400	1.049000
136.807400	0.996000
136.807600	1.826000
136.807700	1.481000
136.807700	1.420000
136.808000	1.061000
136.808300	1.107000
136.808500	1.151000
136.808500	1.286000
136.808600	1.164000
136.808600	1.386000
136.809100	1.072000
136.809800	1.148000
136.809800	1.026000
136.809800	1.179000
136.810100	1.820000
136.810400	1.165000
136.810500	1.545000
136.810600	1.102000
136.810700	1.536000
136.810700	1.128000
136.810900	0.735000
136.811200	1.833000
136.811200	1.046000
136.811200	0.989000
136.811300	1.234000
136.811600	1.641000
136.811700	1.363000
136.811800	1.060000
136.812100	1.153000
136.812200	1.378000
136.812300	0.946000
136.812400	0.975000
136.812400	0.985000
136.812800	0.796000
136.812900	1.116000
136.813300	1.220000
136.813300	1.302000
136.813400	1.209000
136.813500	1.420000
136.813500	1.110000
136.813600	1.748000
136.813600	1.416000
136.813800	1.097000
136.813900	1.210000
136.813900	1.138000
136.814000	1.558000
136.814100	0.895000
136.814200	1.198000
136.814300	1.946000
136.814400	1.395000
136.814400	1.311000
136.814700	1.295000
136.814800	1.885000
136.814900	2.392000
136.815400	0.972000
136.815600	1.081000
136.815600	0.980000
136.815700	1.221000
136.815800	1.689000
136.815900	1.056000
136.816000	1.360000
136.816000	1.014000
136.816200	1.409000
136.816200	1.686000
136.816300	1.175000
136.816300	1.116000
136.816600	1.711000
136.816700	2.018000
136.816700	1.382000
136.816800	1.234000
136.816900	1.077000
136.817100	1.034000
136.817100	1.527000
136.817200	0.885000
136.817400	1.148000
136.817500	1.160000
136.817500	1.362000
136.817500	1.062000
136.817800	1.561000
136.818100	1.166000
136.818100	1.035000
136.818100	1.262000
136.818200	1.111000
136.818200	1.286000
136.818300	1.252000
136.818400	1.598000
136.818500	1.059000
136.818600	1.294000
136.818800	1.257000
136.818900	1.207000
136.818900	1.729000
136.819100	1.536000
136.819200	1.314000
136.819200	2.183000
136.819700	0.838000
136.819700	2.373000
136.819900	1.247000
136.820400	1.484000
136.821000	1.019000
136.821200	1.099000
136.821300	1.430000
136.821300	1.269000
136.821500	2.051000
136.821600	1.420000
136.821800	1.207000
136.822000	1.405000
136.822000	1.662000
136.822000	0.923000
136.822400	1.323000
136.822400	1.132000
136.822700	0.862000
136.823100	1.426000
136.823300	1.194000
136.823400	1.542000
136.823400	1.975000
136.823500	0.979000
136.824100	1.027000
136.824500	1.571000
136.824500	0.936000
136.824600	1.106000
136.824900	1.276000
136.824900	1.350000
136.825000	1.054000
136.825100	1.598000
136.825100	1.079000
136.825200	1.098000
136.825300	1.191000
136.825300	1.296000
136.825500	1.302000
136.825500	1.040000
136.825700	1.015000
136.825800	1.082000
136.825800	1.017000
136.826000	0.900000
136.826000	1.910000
136.826200	1.040000
136.826200	1.187000
136.826300	0.965000
136.826400	1.476000
136.826400	0.922000
136.826700	1.128000
136.826700	1.031000
136.826800	1.099000
136.826800	1.330000
136.827000	1.330000
136.827400	1.739000
136.827400	1.736000
136.827500	2.390000
136.827500	1.534000
136.827900	0.823000
136.827900	1.335000
136.828000	1.323000
136.828100	1.371000
136.828400	1.388000
136.828600	1.208000
136.828700	0.902000
136.828800	1.184000
136.828900	1.668000
136.829100	1.640000
136.829100	1.220000
136.829300	1.149000
136.829700	1.265000
136.829800	0.925000
136.830100	0.839000
136.830300	1.002000
136.830400	1.182000
136.830500	1.037000
136.830600	0.874000
136.830900	1.204000
136.830900	1.201000
136.831300	1.218000
136.831500	1.114000
136.831600	1.714000
136.831600	1.804000
136.831700	1.391000
136.831700	1.095000
136.831800	1.150000
136.831900	1.168000
136.832200	1.218000
136.832300	1.166000
136.832400	0.856000
136.832500	1.779000
136.832500	2.192000
136.832500	1.289000
136.832500	1.660000
136.832500	1.180000
136.832700	1.581000
136.832900	1.366000
136.832900	1.152000
136.832900	1.216000
136.833000	1.225000
136.833200	1.413000
136.833300	1.347000
136.833300	1.938000
136.833400	0.962000
136.833800	1.250000
136.833800	0.876000
136.833800	1.918000
136.833900	1.225000
136.834000	1.312000
136.834000	1.097000
136.834100	1.846000
136.834200	1.464000
136.834300	1.002000
136.834400	0.932000
136.834500	1.216000
136.834500	1.251000
136.834600	1.534000
136.834700	1.229000
136.834700	1.556000
136.834900	1.183000
136.835200	1.011000
136.835300	0.719000
136.835400	0.996000
136.835400	1.042000
136.835500	1.005000
136.835600	1.361000
136.835700	0.957000
136.835800	1.185000
136.835800	1.134000
136.836000	1.288000
136.836000	1.601000
136.836100	1.450000
136.836200	0.814000
136.836300	1.290000
136.836400	1.093000
136.836500	1.420000
136.836600	1.488000
136.836700	1.248000
136.836800	1.180000
136.836900	1.597000
136.837000	1.170000
136.837100	1.170000
136.837300	1.056000
136.837300	1.295000
136.837300	1.038000
136.837300	1.566000
136.837400	0.863000
136.837400	0.980000
136.837600	1.557000
136.837600	1.012000
136.837700	1.108000
136.837700	1.788000
136.837800	1.176000
136.838000	1.100000
136.838000	1.124000
136.838300	1.332000
136.838300	1.276000
136.838600	1.058000
136.838900	1.008000
136.839000	1.693000
136.839000	0.958000
136.839100	1.391000
136.839100	0.927000
136.839200	2.145000
136.839200	1.899000
136.839400	1.063000
136.839500	1.319000
136.839500	1.691000
136.839700	1.725000
136.839800	2.411000
136.839900	1.070000
136.840000	0.878000
136.840100	1.529000
136.840100	1.246000
136.840100	1.190000
136.840200	1.773000
136.840200	1.371000
136.840500	1.156000
136.840500	1.097000
136.840600	1.543000
136.840600	1.047000
136.840700	1.402000
136.840800	1.011000
136.840800	1.036000
136.840900	1.262000
136.841000	2.029000
136.841100	1.402000
136.841200	1.149000
136.841300	2.752000
136.841300	1.491000
136.841400	1.191000
136.841500	1.105000
136.841500	1.399000
136.841700	0.963000
136.841700	1.441000
136.841700	1.406000
136.841700	1.318000
136.841800	1.040000
136.841900	1.391000
136.841900	0.830000
136.841900	1.295000
136.842000	1.342000
136.842000	1.339000
136.842000	1.722000
136.842100	1.377000
136.842100	1.526000
136.842100	1.439000
136.842200	1.485000
136.842200	0.898000
136.842300	2.109000
136.842500	1.259000
136.842500	2.294000
136.842600	1.231000
136.842700	1.300000
136.842700	1.888000
136.842900	1.028000
136.842900	1.837000
136.843000	1.064000
136.843000	1.663000
136.843100	1.046000
136.843100	0.863000
136.843400	1.477000
136.843400	1.251000
136.843500	1.673000
136.843600	1.390000
136.843600	1.273000
136.843600	1.809000
136.843700	1.410000
136.843700	1.041000
136.843800	1.669000
136.843800	1.918000
136.843900	1.026000
136.843900	1.124000
136.843900	0.907000
136.844000	1.105000
136.844000	1.434000
136.844000	0.907000
136.844100	1.749000
136.844100	1.090000
136.844200	1.723000
136.844200	1.210000
136.844200	2.078000
136.844300	1.062000
136.844300	1.587000
136.844400	1.503000
136.844500	1.264000
136.844600	1.332000
136.844600	1.584000
136.844700	1.654000
136.844800	1.724000
136.844900	1.717000
136.844900	1.379000
136.844900	1.238000
136.844900	2.020000
136.845000	1.542000
136.845100	1.499000
136.845200	1.672000
136.845300	1.243000
136.845300	1.312000
136.845300	1.007000
136.845300	0.965000
136.845400	1.284000
136.845400	1.291000
136.845500	1.524000
136.845500	1.115000
136.845500	1.043000
136.845700	1.467000
136.845700	1.153000
136.845800	1.340000
136.845900	1.148000
136.846000	1.500000
136.846000	1.355000
136.846200	1.294000
136.846300	1.118000
136.846300	1.646000
136.846500	0.871000
136.846500	1.510000
136.846600	1.624000
136.846600	1.238000
136.846800	1.594000
136.847000	1.039000
136.847100	0.934000
136.847200	1.622000
136.847200	1.134000
136.847300	1.344000
136.847400	2.022000
136.847500	1.089000
136.847500	1.102000
136.847500	0.887000
136.847500	0.988000
136.847900	2.180000
136.847900	1.647000
136.847900	1.287000
136.848000	0.804000
136.848100	1.002000
136.848200	1.269000
136.848200	1.063000
136.848300	1.364000
136.848400	1.021000
136.848400	1.005000
136.848900	2.238000
136.849000	1.090000
136.849100	1.091000
136.849300	1.475000
136.849300	1.080000
136.849600	1.091000
136.849700	0.856000
136.849900	0.983000
136.849900	1.218000
136.850100	1.636000
136.850100	0.916000
136.850100	1.576000
136.850200	1.816000
136.850200	1.115000
136.850500	1.120000
136.850500	0.941000
136.850600	1.107000
136.850600	1.117000
136.850800	1.348000
136.850900	1.137000
136.851100	1.262000
136.851100	1.620000
136.851300	0.999000
136.851400	1.075000
136.851600	0.817000
136.851800	1.441000
136.852000	0.853000
136.852100	1.284000
136.852100	2.312000
136.852200	1.238000
136.852200	1.136000
136.852300	1.404000
136.852400	0.954000
136.852400	1.044000
136.852500	1.510000
136.852600	1.097000
136.852700	1.336000
136.852900	1.213000
136.852900	1.337000
136.853400	1.012000
136.853400	0.976000
136.853400	1.087000
136.853600	2.801000
136.853700	1.340000
136.853700	1.544000
136.853900	1.119000
136.853900	1.133000
136.854100	1.095000
136.854100	1.103000
136.854200	2.045000
136.854500	1.390000
136.854700	0.996000
136.855100	1.386000
136.855700	1.450000
136.855800	1.264000
136.855800	1.393000
136.855900	1.589000
136.856100	1.111000
136.856100	0.990000
136.856200	1.449000
136.856600	1.097000
136.856900	1.217000
136.856900	1.457000
136.856900	1.030000
136.857000	1.336000
136.857000	1.164000
136.857000	1.032000
136.857100	1.121000
136.857100	1.691000
136.857100	1.302000
136.857200	1.086000
136.857200	1.118000
136.857300	1.107000
136.857400	1.211000
136.857400	1.065000
136.857500	1.087000
136.857700	1.636000
136.857700	1.225000
136.857800	1.027000
136.857900	0.888000
136.858000	1.096000
136.858000	1.071000
136.858000	1.452000
136.858100	1.368000
136.858300	1.371000
136.858400	1.171000
136.858400	1.279000
136.858600	1.744000
136.858700	1.472000
136.858700	1.333000
136.858800	0.732000
136.858900	1.278000
136.859100	1.362000
136.859200	1.551000
136.859300	0.938000
136.859400	1.959000
136.859500	1.279000
136.859600	1.758000
136.859700	1.105000
136.859800	1.598000
136.859900	1.048000
136.859900	1.009000
136.860000	0.871000
136.860000	0.956000
136.860200	1.157000
136.860500	0.907000
136.860600	1.132000
136.860600	1.193000
136.861400	1.391000
136.861400	0.816000
136.861500	0.984000
136.861600	1.401000
136.861800	0.982000
136.861900	1.126000
136.862000	1.556000
136.862000	1.122000
136.862200	1.462000
136.862200	1.094000
136.862500	1.112000
136.862600	1.302000
136.862600	1.729000
136.862700	1.103000
136.862800	1.208000
136.862800	0.744000
136.862900	1.460000
136.863000	1.111000
136.863000	1.271000
136.863000	1.284000
136.863000	1.479000
136.863500	0.943000
136.863600	0.896000
136.863600	1.012000
136.863600	1.618000
136.863800	1.282000
136.864100	1.286000
136.864100	1.154000
136.864300	1.093000
136.864500	1.292000
136.864600	1.431000
136.864800	1.508000
136.865200	1.368000
136.865500	1.094000
136.865600	1.412000
136.865600	1.217000
136.865800	1.125000
136.865900	1.020000
136.866000	1.279000
136.866200	2.286000
136.866200	1.202000
136.866200	1.367000
136.866300	1.019000
136.866500	2.007000
136.866600	1.225000
136.866700	1.840000
136.866700	1.147000
136.866700	0.959000
136.866900	1.049000
136.867000	1.475000
136.867200	1.447000
136.867300	1.633000
136.867400	1.231000
136.867400	1.063000
136.867700	0.807000
136.867800	1.240000
136.867800	1.329000
136.868100	0.997000
136.868200	1.442000
136.868300	0.845000
136.868400	0.917000
136.868700	1.324000
136.868800	0.957000
136.869400	1.195000
136.869500	0.801000
136.869700	1.378000
136.869800	1.182000
136.869900	0.929000
136.870200	1.238000
136.870300	0.898000
136.870300	1.266000
136.870400	1.584000
136.870500	1.331000
136.870600	1.025000
136.870600	1.085000
136.870600	1.317000
136.870800	1.116000
136.871100	1.073000
136.871300	0.917000
136.871500	1.175000
136.871900	1.508000
136.872100	1.162000
136.872200	1.359000
136.872300	2.068000
136.872700	1.060000
136.872700	1.161000
136.872800	1.367000
136.873000	1.139000
136.873000	1.022000
136.873200	0.948000
136.873300	1.319000
136.873500	1.726000
136.873500	1.258000
136.873600	1.441000
136.873800	1.414000
136.874100	1.524000
136.874100	1.065000
136.874200	1.032000
136.874400	1.232000
136.874600	1.048000
136.874700	1.319000
136.874900	1.429000
136.875000	0.886000
136.875200	1.353000
136.875600	1.464000
136.875600	1.212000
136.875800	1.239000
136.876100	1.423000
136.876100	1.166000
136.876400	2.085000
136.876500	1.209000
136.876500	1.224000
136.876500	1.300000
136.877000	1.150000
136.877400	1.028000
136.877600	2.080000
136.877700	1.143000
136.878600	1.169000
136.878700	0.947000
136.878800	1.230000
136.879200	1.451000
136.879300	1.283000
136.879500	1.291000
136.879500	1.204000
136.879600	0.938000
136.879600	1.344000
136.879700	1.309000
136.880000	1.172000
136.880200	2.106000
136.880200	1.335000
136.880600	1.661000
136.880600	1.839000
136.880700	1.232000
136.880800	1.248000
136.880900	1.048000
136.881700	0.990000
136.881900	0.896000
136.881900	1.326000
136.882000	0.818000
136.882000	1.980000
136.882200	1.348000
136.882600	1.147000
136.882900	1.755000
136.883000	0.951000
136.883100	1.085000
136.883200	1.580000
136.883400	1.306000
136.883500	1.252000
136.883900	1.233000
136.883900	1.307000
136.884000	1.502000
136.884100	1.430000
136.884400	1.059000
136.884400	1.560000
136.884600	1.184000
136.884700	0.901000
136.885000	1.221000
136.885200	1.231000
136.885300	1.568000
136.885400	1.098000
136.885600	1.657000
136.885800	0.998000
136.886200	0.791000
136.886300	1.242000
136.886400	1.475000
136.886600	1.006000
136.886600	0.973000
136.886700	1.324000
136.886700	1.392000
136.886800	0.947000
136.887200	0.928000
136.887400	1.266000
136.887800	1.117000
136.887900	1.154000
136.888100	1.195000
136.888400	0.968000
136.888600	1.248000
136.888600	1.576000
136.888700	1.072000
136.889000	1.154000
136.889000	1.133000
136.889200	1.173000
136.889400	1.012000
136.889600	2.181000
136.889700	1.398000
136.889800	1.047000
136.889900	1.018000
136.890000	1.137000
136.890100	1.433000
136.890200	1.188000
136.890300	1.217000
136.890400	1.200000
136.890900	1.322000
136.890900	1.209000
136.891100	1.040000
136.891200	0.955000
136.891300	0.984000
136.891600	1.170000
136.891600	1.256000
136.891700	1.875000
136.892000	1.016000
136.892900	1.242000
136.892900	1.633000
136.893200	0.844000
136.893500	1.018000
136.893500	1.155000
136.894500	1.186000
136.894600	1.091000
136.894900	1.156000
136.895100	1.345000
136.895300	1.586000
136.895600	1.278000
136.895700	0.912000
136.895800	0.975000
136.895900	0.945000
136.895900	1.365000
136.896300	1.206000
136.896400	0.782000
136.896400	0.828000
136.896600	1.267000
136.896600	1.343000
136.896700	1.155000
136.896700	1.231000
136.896700	0.915000
136.897200	1.332000
136.897300	1.366000
136.897400	1.062000
136.897400	1.032000
136.897500	0.883000
136.897700	1.168000
136.897700	1.844000
136.898000	1.362000
136.898400	1.330000
136.898600	1.356000
136.899000	0.943000
136.899400	1.406000
136.899400	1.069000
136.899600	1.543000
136.899900	1.085000
136.900000	1.303000
136.900200	1.051000
136.900400	1.644000
136.900600	1.630000
136.900600	0.998000
136.900600	0.958000
136.901000	1.745000
136.901100	1.334000
136.901100	2.043000
136.901400	1.543000
136.902000	0.824000
136.902300	1.505000
136.902400	1.220000
136.902700	0.749000
136.902800	1.266000
136.902800	1.129000
136.902800	1.117000
136.902800	1.000000
136.902800	1.200000
136.902900	1.071000
136.903300	1.063000
136.903300	1.242000
136.903400	0.925000
136.903800	1.385000
136.903900	1.002000
136.904300	1.295000
136.904500	1.300000
136.904800	1.092000
136.904800	1.385000
136.905500	1.302000
136.905800	1.119000
136.905800	1.269000
136.906100	1.481000
136.907500	1.018000
136.907500	1.238000
136.907900	1.376000
136.908200	1.308000
136.908500	1.198000
136.908500	1.157000
136.908500	1.211000
136.908600	1.285000
136.908800	1.433000
136.909600	1.177000
136.910400	0.965000
136.911400	0.863000
136.911400	1.474000
136.911500	1.279000
136.912000	0.970000
136.912900	1.182000
136.913000	1.142000
136.913200	1.332000
136.913400	1.119000
136.913500	1.292000
136.914000	1.868000
136.914400	1.371000
136.914900	1.049000
136.915300	1.204000
136.915300	1.012000
136.915600	1.056000
136.916400	0.963000
136.917200	1.292000
136.917500	1.476000
136.917600	1.202000
136.917600	1.882000
136.917800	1.294000
136.917900	1.309000
136.917900	0.930000
136.918100	1.422000
136.918400	0.989000
136.918900	1.358000
136.919100	1.094000
136.919300	1.090000
136.919500	1.391000
136.919500	1.251000
136.919800	1.008000
136.920000	1.250000
136.920200	1.425000
136.920300	1.155000
136.920400	0.750000
136.920500	1.042000
136.921100	0.863000
136.921300	1.804000
136.921400	1.401000
136.921800	1.628000
136.922000	2.245000
136.922500	1.359000
136.922600	1.393000
136.922600	0.877000
136.922700	0.953000
136.922700	1.109000
136.922800	1.240000
136.923300	0.826000
136.923400	0.957000
136.923500	1.135000
136.923600	1.655000
136.923800	1.207000
136.923900	1.701000
136.923900	1.305000
136.924500	1.681000
136.925000	1.216000
136.926200	1.580000
136.926500	1.482000
136.926700	0.717000
136.926700	1.065000
136.927000	1.034000
136.927300	1.332000
136.927600	1.314000
136.927700	1.123000
136.927800	1.596000
136.928100	1.416000
136.928300	1.190000
136.928500	0.940000
136.928700	1.112000
136.928900	1.362000
136.929000	0.841000
136.929200	1.437000
136.929400	1.035000
136.929400	1.013000
136.929600	1.406000
136.929600	1.400000
136.929700	1.336000
136.929800	1.903000
136.929800	1.640000
136.930000	1.397000
136.930100	1.561000
136.930100	1.480000
136.930400	1.771000
136.930500	1.236000
136.930500	1.264000
136.930700	1.838000
136.931100	0.991000
136.931200	1.188000
136.931400	1.186000
136.931400	1.214000
136.931600	0.840000
136.931800	1.583000
136.932300	1.089000
136.932300	1.160000
136.932700	0.792000
136.932700	1.098000
136.932800	1.353000
136.932900	1.292000
136.933100	1.390000
136.933200	2.159000
136.933300	0.873000
136.933500	1.825000
136.933600	1.138000
136.933800	1.461000
136.934000	1.795000
136.934400	1.193000
136.934500	1.363000
136.934600	1.296000
136.934600	1.166000
136.934600	1.388000
136.934600	1.150000
136.934700	1.524000
136.934800	1.089000
136.935100	1.790000
136.935500	1.666000
136.935700	1.574000
136.935800	0.995000
136.936300	0.867000
136.936400	0.817000
136.936700	1.136000
136.936800	1.411000
136.937100	0.871000
136.937300	1.224000
136.937500	1.101000
136.937600	0.760000
136.937900	1.971000
136.937900	0.783000
136.938100	1.816000
136.938700	1.094000
136.938900	0.899000
136.939000	1.143000
136.939100	1.186000
136.939300	1.019000
136.939400	1.495000
136.939600	1.022000
136.939600	1.396000
136.939700	1.631000
136.940000	1.038000
136.940200	1.527000
136.940300	1.399000
136.940300	1.109000
136.940500	1.163000
136.940500	0.990000
136.940600	1.109000
136.940600	1.199000
136.940900	1.101000
136.941000	1.451000
136.941400	1.264000
136.941500	1.186000
136.941600	2.148000
136.941600	1.397000
136.941800	1.418000
136.942000	1.408000
136.942100	1.051000
136.942200	1.470000
136.942700	1.426000
136.943000	1.406000
136.943100	0.886000
136.943100	1.487000
136.943300	1.693000
136.943400	1.296000
136.943500	1.063000
136.944200	1.961000
136.944500	0.987000
136.944500	1.224000
136.944800	0.875000
136.944900	1.264000
136.945300	1.336000
136.945500	0.868000
136.945900	1.492000
136.946300	0.954000
136.946300	1.265000
136.946300	2.020000
136.946400	0.945000
136.946400	1.058000
136.946700	1.921000
136.947100	0.921000
136.947300	0.993000
136.947500	1.409000
136.947700	1.589000
136.947800	1.133000
136.948100	1.130000
136.948200	1.233000
136.948300	1.628000
136.948400	1.154000
136.948500	1.502000
136.948500	1.106000
136.948700	1.048000
136.949100	1.202000
136.949500	0.858000
136.949600	1.480000
136.949700	0.903000
136.949700	1.226000
136.950000	1.051000
136.950500	1.676000
136.950800	0.900000
136.951300	1.563000
136.951400	0.933000
136.951500	0.964000
136.951500	1.130000
136.951700	1.013000
136.951800	1.380000
136.952000	1.143000
136.952000	1.069000
136.952400	0.918000
136.952600	1.352000
136.952700	1.287000
136.952700	1.310000
136.952800	1.170000
136.953200	1.251000
136.953700	1.145000
136.953800	1.213000
136.953800	1.088000
136.953900	1.276000
136.954000	1.007000
136.954000	1.067000
136.954300	1.516000
136.954300	1.359000
136.954800	1.142000
136.955100	1.183000
136.955500	1.006000
136.956000	1.821000
136.956100	1.090000
136.956200	1.085000
136.956400	1.193000
136.957100	1.061000
136.957300	1.168000
136.957700	1.516000
136.958100	1.100000
136.958100	1.179000
136.958400	1.332000
136.958600	2.016000
136.958700	0.934000
136.959000	0.810000
136.959500	0.866000
136.959600	1.536000
136.959900	1.409000
136.960100	1.071000
136.960200	1.264000
136.960600	1.733000
136.960900	1.217000
136.961000	1.351000
136.961000	1.123000
136.961100	1.100000
136.961900	1.281000
136.962400	1.495000
136.962500	1.282000
136.966800	1.055000
136.967400	1.175000
136.969700	0.929000
136.974400	0.983000
136.976400	1.318000
136.980700	1.320000
136.984800	1.182000
136.988400	1.337000
136.988600	0.992000
136.988900	1.120000
136.991700	1.044000
136.991800	1.044000
